Package,Module,Class,Smell,Function/Method,Line no,File,Details
SpursLipu_YOLOv3-ModelCompression-MultidatasetTraining-Multibackbone,EagleEye_normal_prune,,Complex method,rand_prune_and_eval,78 - 133,/Volumes/BrokeExt/NICHE/SpursLipu_YOLOv3-ModelCompression-MultidatasetTraining-Multibackbone/EagleEye_normal_prune.py,"Method 'rand_prune_and_eval' has a cyclomatic complexity of 9, exceeding the max of 6."
SpursLipu_YOLOv3-ModelCompression-MultidatasetTraining-Multibackbone,EagleEye_normal_prune,,Long method,rand_prune_and_eval,78 - 133,/Volumes/BrokeExt/NICHE/SpursLipu_YOLOv3-ModelCompression-MultidatasetTraining-Multibackbone/EagleEye_normal_prune.py,Method 'rand_prune_and_eval' is too long (56 lines).
SpursLipu_YOLOv3-ModelCompression-MultidatasetTraining-Multibackbone,EagleEye_normal_prune,,Long statement,,141,/Volumes/BrokeExt/NICHE/SpursLipu_YOLOv3-ModelCompression-MultidatasetTraining-Multibackbone/EagleEye_normal_prune.py,A line with 122 chars in EagleEye_normal_prune exceeds the maximum length of 120 characters.
SpursLipu_YOLOv3-ModelCompression-MultidatasetTraining-Multibackbone,EagleEye_normal_prune,,Long statement,,203,/Volumes/BrokeExt/NICHE/SpursLipu_YOLOv3-ModelCompression-MultidatasetTraining-Multibackbone/EagleEye_normal_prune.py,A line with 185 chars in EagleEye_normal_prune exceeds the maximum length of 120 characters.
SpursLipu_YOLOv3-ModelCompression-MultidatasetTraining-Multibackbone,EagleEye_normal_prune,,Long statement,,214,/Volumes/BrokeExt/NICHE/SpursLipu_YOLOv3-ModelCompression-MultidatasetTraining-Multibackbone/EagleEye_normal_prune.py,A line with 195 chars in EagleEye_normal_prune exceeds the maximum length of 120 characters.
SpursLipu_YOLOv3-ModelCompression-MultidatasetTraining-Multibackbone,EagleEye_normal_prune,,Long statement,,222,/Volumes/BrokeExt/NICHE/SpursLipu_YOLOv3-ModelCompression-MultidatasetTraining-Multibackbone/EagleEye_normal_prune.py,A line with 149 chars in EagleEye_normal_prune exceeds the maximum length of 120 characters.
SpursLipu_YOLOv3-ModelCompression-MultidatasetTraining-Multibackbone,EagleEye_normal_prune,,Long statement,,242,/Volumes/BrokeExt/NICHE/SpursLipu_YOLOv3-ModelCompression-MultidatasetTraining-Multibackbone/EagleEye_normal_prune.py,A line with 163 chars in EagleEye_normal_prune exceeds the maximum length of 120 characters.
SpursLipu_YOLOv3-ModelCompression-MultidatasetTraining-Multibackbone,EagleEye_normal_prune,,Long statement,,279,/Volumes/BrokeExt/NICHE/SpursLipu_YOLOv3-ModelCompression-MultidatasetTraining-Multibackbone/EagleEye_normal_prune.py,A line with 166 chars in EagleEye_normal_prune exceeds the maximum length of 120 characters.
SpursLipu_YOLOv3-ModelCompression-MultidatasetTraining-Multibackbone,EagleEye_normal_prune,,Long statement,,289,/Volumes/BrokeExt/NICHE/SpursLipu_YOLOv3-ModelCompression-MultidatasetTraining-Multibackbone/EagleEye_normal_prune.py,A line with 330 chars in EagleEye_normal_prune exceeds the maximum length of 120 characters.
SpursLipu_YOLOv3-ModelCompression-MultidatasetTraining-Multibackbone,EagleEye_normal_prune,,Long statement,,299,/Volumes/BrokeExt/NICHE/SpursLipu_YOLOv3-ModelCompression-MultidatasetTraining-Multibackbone/EagleEye_normal_prune.py,A line with 167 chars in EagleEye_normal_prune exceeds the maximum length of 120 characters.
SpursLipu_YOLOv3-ModelCompression-MultidatasetTraining-Multibackbone,EagleEye_normal_prune,,Magic number,obtain_avg_forward_time,13,/Volumes/BrokeExt/NICHE/SpursLipu_YOLOv3-ModelCompression-MultidatasetTraining-Multibackbone/EagleEye_normal_prune.py,Magic number 200 used in obtain_avg_forward_time.
SpursLipu_YOLOv3-ModelCompression-MultidatasetTraining-Multibackbone,EagleEye_normal_prune,,Magic number,rand_prune_and_eval,126,/Volumes/BrokeExt/NICHE/SpursLipu_YOLOv3-ModelCompression-MultidatasetTraining-Multibackbone/EagleEye_normal_prune.py,Magic number 255.0 used in rand_prune_and_eval.
SpursLipu_YOLOv3-ModelCompression-MultidatasetTraining-Multibackbone,EagleEye_regular_prune,,Complex method,rand_prune_and_eval,72 - 128,/Volumes/BrokeExt/NICHE/SpursLipu_YOLOv3-ModelCompression-MultidatasetTraining-Multibackbone/EagleEye_regular_prune.py,"Method 'rand_prune_and_eval' has a cyclomatic complexity of 11, exceeding the max of 6."
SpursLipu_YOLOv3-ModelCompression-MultidatasetTraining-Multibackbone,EagleEye_regular_prune,,Long method,rand_prune_and_eval,72 - 128,/Volumes/BrokeExt/NICHE/SpursLipu_YOLOv3-ModelCompression-MultidatasetTraining-Multibackbone/EagleEye_regular_prune.py,Method 'rand_prune_and_eval' is too long (57 lines).
SpursLipu_YOLOv3-ModelCompression-MultidatasetTraining-Multibackbone,EagleEye_regular_prune,,Long statement,,135,/Volumes/BrokeExt/NICHE/SpursLipu_YOLOv3-ModelCompression-MultidatasetTraining-Multibackbone/EagleEye_regular_prune.py,A line with 122 chars in EagleEye_regular_prune exceeds the maximum length of 120 characters.
SpursLipu_YOLOv3-ModelCompression-MultidatasetTraining-Multibackbone,EagleEye_regular_prune,,Long statement,,198,/Volumes/BrokeExt/NICHE/SpursLipu_YOLOv3-ModelCompression-MultidatasetTraining-Multibackbone/EagleEye_regular_prune.py,A line with 185 chars in EagleEye_regular_prune exceeds the maximum length of 120 characters.
SpursLipu_YOLOv3-ModelCompression-MultidatasetTraining-Multibackbone,EagleEye_regular_prune,,Long statement,,209,/Volumes/BrokeExt/NICHE/SpursLipu_YOLOv3-ModelCompression-MultidatasetTraining-Multibackbone/EagleEye_regular_prune.py,A line with 195 chars in EagleEye_regular_prune exceeds the maximum length of 120 characters.
SpursLipu_YOLOv3-ModelCompression-MultidatasetTraining-Multibackbone,EagleEye_regular_prune,,Long statement,,216,/Volumes/BrokeExt/NICHE/SpursLipu_YOLOv3-ModelCompression-MultidatasetTraining-Multibackbone/EagleEye_regular_prune.py,A line with 149 chars in EagleEye_regular_prune exceeds the maximum length of 120 characters.
SpursLipu_YOLOv3-ModelCompression-MultidatasetTraining-Multibackbone,EagleEye_regular_prune,,Long statement,,236,/Volumes/BrokeExt/NICHE/SpursLipu_YOLOv3-ModelCompression-MultidatasetTraining-Multibackbone/EagleEye_regular_prune.py,A line with 163 chars in EagleEye_regular_prune exceeds the maximum length of 120 characters.
SpursLipu_YOLOv3-ModelCompression-MultidatasetTraining-Multibackbone,EagleEye_regular_prune,,Long statement,,273,/Volumes/BrokeExt/NICHE/SpursLipu_YOLOv3-ModelCompression-MultidatasetTraining-Multibackbone/EagleEye_regular_prune.py,A line with 166 chars in EagleEye_regular_prune exceeds the maximum length of 120 characters.
SpursLipu_YOLOv3-ModelCompression-MultidatasetTraining-Multibackbone,EagleEye_regular_prune,,Long statement,,283,/Volumes/BrokeExt/NICHE/SpursLipu_YOLOv3-ModelCompression-MultidatasetTraining-Multibackbone/EagleEye_regular_prune.py,A line with 330 chars in EagleEye_regular_prune exceeds the maximum length of 120 characters.
SpursLipu_YOLOv3-ModelCompression-MultidatasetTraining-Multibackbone,EagleEye_regular_prune,,Long statement,,293,/Volumes/BrokeExt/NICHE/SpursLipu_YOLOv3-ModelCompression-MultidatasetTraining-Multibackbone/EagleEye_regular_prune.py,A line with 162 chars in EagleEye_regular_prune exceeds the maximum length of 120 characters.
SpursLipu_YOLOv3-ModelCompression-MultidatasetTraining-Multibackbone,EagleEye_regular_prune,,Magic number,obtain_avg_forward_time,10,/Volumes/BrokeExt/NICHE/SpursLipu_YOLOv3-ModelCompression-MultidatasetTraining-Multibackbone/EagleEye_regular_prune.py,Magic number 200 used in obtain_avg_forward_time.
SpursLipu_YOLOv3-ModelCompression-MultidatasetTraining-Multibackbone,EagleEye_regular_prune,,Magic number,rand_prune_and_eval,121,/Volumes/BrokeExt/NICHE/SpursLipu_YOLOv3-ModelCompression-MultidatasetTraining-Multibackbone/EagleEye_regular_prune.py,Magic number 255.0 used in rand_prune_and_eval.
SpursLipu_YOLOv3-ModelCompression-MultidatasetTraining-Multibackbone,EagleEye_slim_prune,,Complex method,rand_prune_and_eval,69 - 126,/Volumes/BrokeExt/NICHE/SpursLipu_YOLOv3-ModelCompression-MultidatasetTraining-Multibackbone/EagleEye_slim_prune.py,"Method 'rand_prune_and_eval' has a cyclomatic complexity of 11, exceeding the max of 6."
SpursLipu_YOLOv3-ModelCompression-MultidatasetTraining-Multibackbone,EagleEye_slim_prune,,Long method,rand_prune_and_eval,69 - 126,/Volumes/BrokeExt/NICHE/SpursLipu_YOLOv3-ModelCompression-MultidatasetTraining-Multibackbone/EagleEye_slim_prune.py,Method 'rand_prune_and_eval' is too long (58 lines).
SpursLipu_YOLOv3-ModelCompression-MultidatasetTraining-Multibackbone,EagleEye_slim_prune,,Long statement,,133,/Volumes/BrokeExt/NICHE/SpursLipu_YOLOv3-ModelCompression-MultidatasetTraining-Multibackbone/EagleEye_slim_prune.py,A line with 122 chars in EagleEye_slim_prune exceeds the maximum length of 120 characters.
SpursLipu_YOLOv3-ModelCompression-MultidatasetTraining-Multibackbone,EagleEye_slim_prune,,Long statement,,195,/Volumes/BrokeExt/NICHE/SpursLipu_YOLOv3-ModelCompression-MultidatasetTraining-Multibackbone/EagleEye_slim_prune.py,A line with 185 chars in EagleEye_slim_prune exceeds the maximum length of 120 characters.
SpursLipu_YOLOv3-ModelCompression-MultidatasetTraining-Multibackbone,EagleEye_slim_prune,,Long statement,,206,/Volumes/BrokeExt/NICHE/SpursLipu_YOLOv3-ModelCompression-MultidatasetTraining-Multibackbone/EagleEye_slim_prune.py,A line with 195 chars in EagleEye_slim_prune exceeds the maximum length of 120 characters.
SpursLipu_YOLOv3-ModelCompression-MultidatasetTraining-Multibackbone,EagleEye_slim_prune,,Long statement,,213,/Volumes/BrokeExt/NICHE/SpursLipu_YOLOv3-ModelCompression-MultidatasetTraining-Multibackbone/EagleEye_slim_prune.py,A line with 149 chars in EagleEye_slim_prune exceeds the maximum length of 120 characters.
SpursLipu_YOLOv3-ModelCompression-MultidatasetTraining-Multibackbone,EagleEye_slim_prune,,Long statement,,233,/Volumes/BrokeExt/NICHE/SpursLipu_YOLOv3-ModelCompression-MultidatasetTraining-Multibackbone/EagleEye_slim_prune.py,A line with 163 chars in EagleEye_slim_prune exceeds the maximum length of 120 characters.
SpursLipu_YOLOv3-ModelCompression-MultidatasetTraining-Multibackbone,EagleEye_slim_prune,,Long statement,,270,/Volumes/BrokeExt/NICHE/SpursLipu_YOLOv3-ModelCompression-MultidatasetTraining-Multibackbone/EagleEye_slim_prune.py,A line with 166 chars in EagleEye_slim_prune exceeds the maximum length of 120 characters.
SpursLipu_YOLOv3-ModelCompression-MultidatasetTraining-Multibackbone,EagleEye_slim_prune,,Long statement,,280,/Volumes/BrokeExt/NICHE/SpursLipu_YOLOv3-ModelCompression-MultidatasetTraining-Multibackbone/EagleEye_slim_prune.py,A line with 330 chars in EagleEye_slim_prune exceeds the maximum length of 120 characters.
SpursLipu_YOLOv3-ModelCompression-MultidatasetTraining-Multibackbone,EagleEye_slim_prune,,Long statement,,290,/Volumes/BrokeExt/NICHE/SpursLipu_YOLOv3-ModelCompression-MultidatasetTraining-Multibackbone/EagleEye_slim_prune.py,A line with 162 chars in EagleEye_slim_prune exceeds the maximum length of 120 characters.
SpursLipu_YOLOv3-ModelCompression-MultidatasetTraining-Multibackbone,EagleEye_slim_prune,,Magic number,obtain_avg_forward_time,11,/Volumes/BrokeExt/NICHE/SpursLipu_YOLOv3-ModelCompression-MultidatasetTraining-Multibackbone/EagleEye_slim_prune.py,Magic number 200 used in obtain_avg_forward_time.
SpursLipu_YOLOv3-ModelCompression-MultidatasetTraining-Multibackbone,EagleEye_slim_prune,,Magic number,rand_prune_and_eval,119,/Volumes/BrokeExt/NICHE/SpursLipu_YOLOv3-ModelCompression-MultidatasetTraining-Multibackbone/EagleEye_slim_prune.py,Magic number 255.0 used in rand_prune_and_eval.
SpursLipu_YOLOv3-ModelCompression-MultidatasetTraining-Multibackbone,PTQ,,Long method,PTQ,12 - 116,/Volumes/BrokeExt/NICHE/SpursLipu_YOLOv3-ModelCompression-MultidatasetTraining-Multibackbone/PTQ.py,Method 'PTQ' is too long (83 lines).
SpursLipu_YOLOv3-ModelCompression-MultidatasetTraining-Multibackbone,PTQ,,Long parameter list,PTQ,12 - 116,/Volumes/BrokeExt/NICHE/SpursLipu_YOLOv3-ModelCompression-MultidatasetTraining-Multibackbone/PTQ.py,"PTQ has 8 parameters, exceeding the max of 5."
SpursLipu_YOLOv3-ModelCompression-MultidatasetTraining-Multibackbone,PTQ,,Long statement,PTQ,26,/Volumes/BrokeExt/NICHE/SpursLipu_YOLOv3-ModelCompression-MultidatasetTraining-Multibackbone/PTQ.py,A line with 153 chars in PTQ exceeds the maximum length of 120 characters.
SpursLipu_YOLOv3-ModelCompression-MultidatasetTraining-Multibackbone,PTQ,,Long statement,PTQ,48,/Volumes/BrokeExt/NICHE/SpursLipu_YOLOv3-ModelCompression-MultidatasetTraining-Multibackbone/PTQ.py,A line with 153 chars in PTQ exceeds the maximum length of 120 characters.
SpursLipu_YOLOv3-ModelCompression-MultidatasetTraining-Multibackbone,PTQ,,Long statement,PTQ,51,/Volumes/BrokeExt/NICHE/SpursLipu_YOLOv3-ModelCompression-MultidatasetTraining-Multibackbone/PTQ.py,A line with 202 chars in PTQ exceeds the maximum length of 120 characters.
SpursLipu_YOLOv3-ModelCompression-MultidatasetTraining-Multibackbone,PTQ,,Long statement,PTQ,57,/Volumes/BrokeExt/NICHE/SpursLipu_YOLOv3-ModelCompression-MultidatasetTraining-Multibackbone/PTQ.py,A line with 126 chars in PTQ exceeds the maximum length of 120 characters.
SpursLipu_YOLOv3-ModelCompression-MultidatasetTraining-Multibackbone,PTQ,,Long statement,PTQ,60,/Volumes/BrokeExt/NICHE/SpursLipu_YOLOv3-ModelCompression-MultidatasetTraining-Multibackbone/PTQ.py,A line with 202 chars in PTQ exceeds the maximum length of 120 characters.
SpursLipu_YOLOv3-ModelCompression-MultidatasetTraining-Multibackbone,PTQ,,Long statement,PTQ,67,/Volumes/BrokeExt/NICHE/SpursLipu_YOLOv3-ModelCompression-MultidatasetTraining-Multibackbone/PTQ.py,A line with 149 chars in PTQ exceeds the maximum length of 120 characters.
SpursLipu_YOLOv3-ModelCompression-MultidatasetTraining-Multibackbone,PTQ,,Long statement,PTQ,92,/Volumes/BrokeExt/NICHE/SpursLipu_YOLOv3-ModelCompression-MultidatasetTraining-Multibackbone/PTQ.py,A line with 198 chars in PTQ exceeds the maximum length of 120 characters.
SpursLipu_YOLOv3-ModelCompression-MultidatasetTraining-Multibackbone,PTQ,,Magic number,PTQ,15,/Volumes/BrokeExt/NICHE/SpursLipu_YOLOv3-ModelCompression-MultidatasetTraining-Multibackbone/PTQ.py,Magic number 64 used in PTQ.
SpursLipu_YOLOv3-ModelCompression-MultidatasetTraining-Multibackbone,PTQ,,Magic number,PTQ,16,/Volumes/BrokeExt/NICHE/SpursLipu_YOLOv3-ModelCompression-MultidatasetTraining-Multibackbone/PTQ.py,Magic number 416 used in PTQ.
SpursLipu_YOLOv3-ModelCompression-MultidatasetTraining-Multibackbone,PTQ,,Magic number,PTQ,18,/Volumes/BrokeExt/NICHE/SpursLipu_YOLOv3-ModelCompression-MultidatasetTraining-Multibackbone/PTQ.py,Magic number 8 used in PTQ.
SpursLipu_YOLOv3-ModelCompression-MultidatasetTraining-Multibackbone,PTQ,,Magic number,PTQ,19,/Volumes/BrokeExt/NICHE/SpursLipu_YOLOv3-ModelCompression-MultidatasetTraining-Multibackbone/PTQ.py,Magic number 8 used in PTQ.
SpursLipu_YOLOv3-ModelCompression-MultidatasetTraining-Multibackbone,PTQ,,Magic number,PTQ,82,/Volumes/BrokeExt/NICHE/SpursLipu_YOLOv3-ModelCompression-MultidatasetTraining-Multibackbone/PTQ.py,Magic number 256.0 used in PTQ.
SpursLipu_YOLOv3-ModelCompression-MultidatasetTraining-Multibackbone,PTQ,,Magic number,PTQ,85,/Volumes/BrokeExt/NICHE/SpursLipu_YOLOv3-ModelCompression-MultidatasetTraining-Multibackbone/PTQ.py,Magic number 256.0 used in PTQ.
SpursLipu_YOLOv3-ModelCompression-MultidatasetTraining-Multibackbone,PTQ,,Magic number,PTQ,83,/Volumes/BrokeExt/NICHE/SpursLipu_YOLOv3-ModelCompression-MultidatasetTraining-Multibackbone/PTQ.py,Magic number 2 used in PTQ.
SpursLipu_YOLOv3-ModelCompression-MultidatasetTraining-Multibackbone,convert_FPGA,,Complex method,convert,9 - 167,/Volumes/BrokeExt/NICHE/SpursLipu_YOLOv3-ModelCompression-MultidatasetTraining-Multibackbone/convert_FPGA.py,"Method 'convert' has a cyclomatic complexity of 35, exceeding the max of 6."
SpursLipu_YOLOv3-ModelCompression-MultidatasetTraining-Multibackbone,convert_FPGA,,Long method,convert,9 - 167,/Volumes/BrokeExt/NICHE/SpursLipu_YOLOv3-ModelCompression-MultidatasetTraining-Multibackbone/convert_FPGA.py,Method 'convert' is too long (152 lines).
SpursLipu_YOLOv3-ModelCompression-MultidatasetTraining-Multibackbone,convert_FPGA,,Long statement,convert,17,/Volumes/BrokeExt/NICHE/SpursLipu_YOLOv3-ModelCompression-MultidatasetTraining-Multibackbone/convert_FPGA.py,A line with 138 chars in convert exceeds the maximum length of 120 characters.
SpursLipu_YOLOv3-ModelCompression-MultidatasetTraining-Multibackbone,convert_FPGA,,Long statement,convert,96,/Volumes/BrokeExt/NICHE/SpursLipu_YOLOv3-ModelCompression-MultidatasetTraining-Multibackbone/convert_FPGA.py,A line with 127 chars in convert exceeds the maximum length of 120 characters.
SpursLipu_YOLOv3-ModelCompression-MultidatasetTraining-Multibackbone,convert_FPGA,,Magic number,convert,10,/Volumes/BrokeExt/NICHE/SpursLipu_YOLOv3-ModelCompression-MultidatasetTraining-Multibackbone/convert_FPGA.py,Magic number 320 used in convert.
SpursLipu_YOLOv3-ModelCompression-MultidatasetTraining-Multibackbone,convert_FPGA,,Magic number,convert,10,/Volumes/BrokeExt/NICHE/SpursLipu_YOLOv3-ModelCompression-MultidatasetTraining-Multibackbone/convert_FPGA.py,Magic number 192 used in convert.
SpursLipu_YOLOv3-ModelCompression-MultidatasetTraining-Multibackbone,convert_FPGA,,Magic number,convert,36,/Volumes/BrokeExt/NICHE/SpursLipu_YOLOv3-ModelCompression-MultidatasetTraining-Multibackbone/convert_FPGA.py,Magic number 16 used in convert.
SpursLipu_YOLOv3-ModelCompression-MultidatasetTraining-Multibackbone,convert_FPGA,,Magic number,convert,38,/Volumes/BrokeExt/NICHE/SpursLipu_YOLOv3-ModelCompression-MultidatasetTraining-Multibackbone/convert_FPGA.py,Magic number 8 used in convert.
SpursLipu_YOLOv3-ModelCompression-MultidatasetTraining-Multibackbone,convert_FPGA,,Magic number,convert,112,/Volumes/BrokeExt/NICHE/SpursLipu_YOLOv3-ModelCompression-MultidatasetTraining-Multibackbone/convert_FPGA.py,Magic number 16 used in convert.
SpursLipu_YOLOv3-ModelCompression-MultidatasetTraining-Multibackbone,convert_FPGA,,Magic number,convert,116,/Volumes/BrokeExt/NICHE/SpursLipu_YOLOv3-ModelCompression-MultidatasetTraining-Multibackbone/convert_FPGA.py,Magic number 2 used in convert.
SpursLipu_YOLOv3-ModelCompression-MultidatasetTraining-Multibackbone,convert_FPGA,,Magic number,convert,118,/Volumes/BrokeExt/NICHE/SpursLipu_YOLOv3-ModelCompression-MultidatasetTraining-Multibackbone/convert_FPGA.py,Magic number 8 used in convert.
SpursLipu_YOLOv3-ModelCompression-MultidatasetTraining-Multibackbone,convert_FPGA,,Magic number,convert,140,/Volumes/BrokeExt/NICHE/SpursLipu_YOLOv3-ModelCompression-MultidatasetTraining-Multibackbone/convert_FPGA.py,Magic number 16 used in convert.
SpursLipu_YOLOv3-ModelCompression-MultidatasetTraining-Multibackbone,convert_FPGA,,Magic number,convert,122,/Volumes/BrokeExt/NICHE/SpursLipu_YOLOv3-ModelCompression-MultidatasetTraining-Multibackbone/convert_FPGA.py,Magic number 2 used in convert.
SpursLipu_YOLOv3-ModelCompression-MultidatasetTraining-Multibackbone,convert_FPGA,,Magic number,convert,144,/Volumes/BrokeExt/NICHE/SpursLipu_YOLOv3-ModelCompression-MultidatasetTraining-Multibackbone/convert_FPGA.py,Magic number 2 used in convert.
SpursLipu_YOLOv3-ModelCompression-MultidatasetTraining-Multibackbone,convert_FPGA,,Magic number,convert,146,/Volumes/BrokeExt/NICHE/SpursLipu_YOLOv3-ModelCompression-MultidatasetTraining-Multibackbone/convert_FPGA.py,Magic number 8 used in convert.
SpursLipu_YOLOv3-ModelCompression-MultidatasetTraining-Multibackbone,convert_FPGA,,Magic number,convert,150,/Volumes/BrokeExt/NICHE/SpursLipu_YOLOv3-ModelCompression-MultidatasetTraining-Multibackbone/convert_FPGA.py,Magic number 2 used in convert.
SpursLipu_YOLOv3-ModelCompression-MultidatasetTraining-Multibackbone,convert_FPGA_2,,Complex method,convert,9 - 161,/Volumes/BrokeExt/NICHE/SpursLipu_YOLOv3-ModelCompression-MultidatasetTraining-Multibackbone/convert_FPGA_2.py,"Method 'convert' has a cyclomatic complexity of 33, exceeding the max of 6."
SpursLipu_YOLOv3-ModelCompression-MultidatasetTraining-Multibackbone,convert_FPGA_2,,Long method,convert,9 - 161,/Volumes/BrokeExt/NICHE/SpursLipu_YOLOv3-ModelCompression-MultidatasetTraining-Multibackbone/convert_FPGA_2.py,Method 'convert' is too long (146 lines).
SpursLipu_YOLOv3-ModelCompression-MultidatasetTraining-Multibackbone,convert_FPGA_2,,Long statement,convert,17,/Volumes/BrokeExt/NICHE/SpursLipu_YOLOv3-ModelCompression-MultidatasetTraining-Multibackbone/convert_FPGA_2.py,A line with 169 chars in convert exceeds the maximum length of 120 characters.
SpursLipu_YOLOv3-ModelCompression-MultidatasetTraining-Multibackbone,convert_FPGA_2,,Magic number,convert,59,/Volumes/BrokeExt/NICHE/SpursLipu_YOLOv3-ModelCompression-MultidatasetTraining-Multibackbone/convert_FPGA_2.py,Magic number 16 used in convert.
SpursLipu_YOLOv3-ModelCompression-MultidatasetTraining-Multibackbone,convert_FPGA_2,,Magic number,convert,68,/Volumes/BrokeExt/NICHE/SpursLipu_YOLOv3-ModelCompression-MultidatasetTraining-Multibackbone/convert_FPGA_2.py,Magic number 16 used in convert.
SpursLipu_YOLOv3-ModelCompression-MultidatasetTraining-Multibackbone,convert_FPGA_2,,Magic number,convert,144,/Volumes/BrokeExt/NICHE/SpursLipu_YOLOv3-ModelCompression-MultidatasetTraining-Multibackbone/convert_FPGA_2.py,Magic number 16 used in convert.
SpursLipu_YOLOv3-ModelCompression-MultidatasetTraining-Multibackbone,convert_FPGA_2,,Magic number,convert,61,/Volumes/BrokeExt/NICHE/SpursLipu_YOLOv3-ModelCompression-MultidatasetTraining-Multibackbone/convert_FPGA_2.py,Magic number 8 used in convert.
SpursLipu_YOLOv3-ModelCompression-MultidatasetTraining-Multibackbone,convert_FPGA_2,,Magic number,convert,70,/Volumes/BrokeExt/NICHE/SpursLipu_YOLOv3-ModelCompression-MultidatasetTraining-Multibackbone/convert_FPGA_2.py,Magic number 8 used in convert.
SpursLipu_YOLOv3-ModelCompression-MultidatasetTraining-Multibackbone,convert_FPGA_2,,Magic number,convert,124,/Volumes/BrokeExt/NICHE/SpursLipu_YOLOv3-ModelCompression-MultidatasetTraining-Multibackbone/convert_FPGA_2.py,Magic number 3 used in convert.
SpursLipu_YOLOv3-ModelCompression-MultidatasetTraining-Multibackbone,convert_FPGA_2,,Magic number,convert,146,/Volumes/BrokeExt/NICHE/SpursLipu_YOLOv3-ModelCompression-MultidatasetTraining-Multibackbone/convert_FPGA_2.py,Magic number 8 used in convert.
SpursLipu_YOLOv3-ModelCompression-MultidatasetTraining-Multibackbone,convert_FPGA_2,,Magic number,convert,98,/Volumes/BrokeExt/NICHE/SpursLipu_YOLOv3-ModelCompression-MultidatasetTraining-Multibackbone/convert_FPGA_2.py,Magic number 3 used in convert.
SpursLipu_YOLOv3-ModelCompression-MultidatasetTraining-Multibackbone,convert_FPGA_2,,Magic number,convert,125,/Volumes/BrokeExt/NICHE/SpursLipu_YOLOv3-ModelCompression-MultidatasetTraining-Multibackbone/convert_FPGA_2.py,Magic number 3 used in convert.
SpursLipu_YOLOv3-ModelCompression-MultidatasetTraining-Multibackbone,convert_FPGA_2,,Magic number,convert,125,/Volumes/BrokeExt/NICHE/SpursLipu_YOLOv3-ModelCompression-MultidatasetTraining-Multibackbone/convert_FPGA_2.py,Magic number 32 used in convert.
SpursLipu_YOLOv3-ModelCompression-MultidatasetTraining-Multibackbone,convert_FPGA_2,,Magic number,convert,125,/Volumes/BrokeExt/NICHE/SpursLipu_YOLOv3-ModelCompression-MultidatasetTraining-Multibackbone/convert_FPGA_2.py,Magic number 2 used in convert.
SpursLipu_YOLOv3-ModelCompression-MultidatasetTraining-Multibackbone,convert_FPGA_2,,Magic number,convert,131,/Volumes/BrokeExt/NICHE/SpursLipu_YOLOv3-ModelCompression-MultidatasetTraining-Multibackbone/convert_FPGA_2.py,Magic number 3 used in convert.
SpursLipu_YOLOv3-ModelCompression-MultidatasetTraining-Multibackbone,convert_FPGA_2,,Magic number,convert,136,/Volumes/BrokeExt/NICHE/SpursLipu_YOLOv3-ModelCompression-MultidatasetTraining-Multibackbone/convert_FPGA_2.py,Magic number 3 used in convert.
SpursLipu_YOLOv3-ModelCompression-MultidatasetTraining-Multibackbone,convert_FPGA_2,,Magic number,convert,130,/Volumes/BrokeExt/NICHE/SpursLipu_YOLOv3-ModelCompression-MultidatasetTraining-Multibackbone/convert_FPGA_2.py,Magic number 2 used in convert.
SpursLipu_YOLOv3-ModelCompression-MultidatasetTraining-Multibackbone,convert_FPGA_2,,Magic number,convert,136,/Volumes/BrokeExt/NICHE/SpursLipu_YOLOv3-ModelCompression-MultidatasetTraining-Multibackbone/convert_FPGA_2.py,Magic number 2 used in convert.
SpursLipu_YOLOv3-ModelCompression-MultidatasetTraining-Multibackbone,convert_FPGA_2,,Magic number,convert,130,/Volumes/BrokeExt/NICHE/SpursLipu_YOLOv3-ModelCompression-MultidatasetTraining-Multibackbone/convert_FPGA_2.py,Magic number 32 used in convert.
SpursLipu_YOLOv3-ModelCompression-MultidatasetTraining-Multibackbone,convert_FPGA_2,,Magic number,convert,130,/Volumes/BrokeExt/NICHE/SpursLipu_YOLOv3-ModelCompression-MultidatasetTraining-Multibackbone/convert_FPGA_2.py,Magic number 32 used in convert.
SpursLipu_YOLOv3-ModelCompression-MultidatasetTraining-Multibackbone,detect,,Complex method,detect,9 - 179,/Volumes/BrokeExt/NICHE/SpursLipu_YOLOv3-ModelCompression-MultidatasetTraining-Multibackbone/detect.py,"Method 'detect' has a cyclomatic complexity of 33, exceeding the max of 6."
SpursLipu_YOLOv3-ModelCompression-MultidatasetTraining-Multibackbone,detect,,Long method,detect,9 - 179,/Volumes/BrokeExt/NICHE/SpursLipu_YOLOv3-ModelCompression-MultidatasetTraining-Multibackbone/detect.py,Method 'detect' is too long (152 lines).
SpursLipu_YOLOv3-ModelCompression-MultidatasetTraining-Multibackbone,detect,,Long statement,detect,24,/Volumes/BrokeExt/NICHE/SpursLipu_YOLOv3-ModelCompression-MultidatasetTraining-Multibackbone/detect.py,A line with 304 chars in detect exceeds the maximum length of 120 characters.
SpursLipu_YOLOv3-ModelCompression-MultidatasetTraining-Multibackbone,detect,,Long statement,detect,116,/Volumes/BrokeExt/NICHE/SpursLipu_YOLOv3-ModelCompression-MultidatasetTraining-Multibackbone/detect.py,A line with 130 chars in detect exceeds the maximum length of 120 characters.
SpursLipu_YOLOv3-ModelCompression-MultidatasetTraining-Multibackbone,detect,,Magic number,detect,79,/Volumes/BrokeExt/NICHE/SpursLipu_YOLOv3-ModelCompression-MultidatasetTraining-Multibackbone/detect.py,Magic number 256 used in detect.
SpursLipu_YOLOv3-ModelCompression-MultidatasetTraining-Multibackbone,detect,,Magic number,detect,101,/Volumes/BrokeExt/NICHE/SpursLipu_YOLOv3-ModelCompression-MultidatasetTraining-Multibackbone/detect.py,Magic number 256.0 used in detect.
SpursLipu_YOLOv3-ModelCompression-MultidatasetTraining-Multibackbone,detect,,Magic number,detect,108,/Volumes/BrokeExt/NICHE/SpursLipu_YOLOv3-ModelCompression-MultidatasetTraining-Multibackbone/detect.py,Magic number 3 used in detect.
SpursLipu_YOLOv3-ModelCompression-MultidatasetTraining-Multibackbone,detect,,Magic number,detect,103,/Volumes/BrokeExt/NICHE/SpursLipu_YOLOv3-ModelCompression-MultidatasetTraining-Multibackbone/detect.py,Magic number 16 used in detect.
SpursLipu_YOLOv3-ModelCompression-MultidatasetTraining-Multibackbone,detect,,Magic number,detect,78,/Volumes/BrokeExt/NICHE/SpursLipu_YOLOv3-ModelCompression-MultidatasetTraining-Multibackbone/detect.py,Magic number 128 used in detect.
SpursLipu_YOLOv3-ModelCompression-MultidatasetTraining-Multibackbone,detect,,Magic number,detect,80,/Volumes/BrokeExt/NICHE/SpursLipu_YOLOv3-ModelCompression-MultidatasetTraining-Multibackbone/detect.py,Magic number 2 used in detect.
SpursLipu_YOLOv3-ModelCompression-MultidatasetTraining-Multibackbone,detect,,Magic number,detect,86,/Volumes/BrokeExt/NICHE/SpursLipu_YOLOv3-ModelCompression-MultidatasetTraining-Multibackbone/detect.py,Magic number 2 used in detect.
SpursLipu_YOLOv3-ModelCompression-MultidatasetTraining-Multibackbone,detect,,Magic number,detect,104,/Volumes/BrokeExt/NICHE/SpursLipu_YOLOv3-ModelCompression-MultidatasetTraining-Multibackbone/detect.py,Magic number 2 used in detect.
SpursLipu_YOLOv3-ModelCompression-MultidatasetTraining-Multibackbone,detect,,Magic number,detect,104,/Volumes/BrokeExt/NICHE/SpursLipu_YOLOv3-ModelCompression-MultidatasetTraining-Multibackbone/detect.py,Magic number 14 used in detect.
SpursLipu_YOLOv3-ModelCompression-MultidatasetTraining-Multibackbone,detect,,Magic number,detect,107,/Volumes/BrokeExt/NICHE/SpursLipu_YOLOv3-ModelCompression-MultidatasetTraining-Multibackbone/detect.py,Magic number 2 used in detect.
SpursLipu_YOLOv3-ModelCompression-MultidatasetTraining-Multibackbone,detect,,Magic number,detect,107,/Volumes/BrokeExt/NICHE/SpursLipu_YOLOv3-ModelCompression-MultidatasetTraining-Multibackbone/detect.py,Magic number 14 used in detect.
SpursLipu_YOLOv3-ModelCompression-MultidatasetTraining-Multibackbone,detect,,Magic number,detect,127,/Volumes/BrokeExt/NICHE/SpursLipu_YOLOv3-ModelCompression-MultidatasetTraining-Multibackbone/detect.py,Magic number 2 used in detect.
SpursLipu_YOLOv3-ModelCompression-MultidatasetTraining-Multibackbone,detect,,Magic number,detect,131,/Volumes/BrokeExt/NICHE/SpursLipu_YOLOv3-ModelCompression-MultidatasetTraining-Multibackbone/detect.py,Magic number 4 used in detect.
SpursLipu_YOLOv3-ModelCompression-MultidatasetTraining-Multibackbone,layer_channel_prune,,Long statement,,111,/Volumes/BrokeExt/NICHE/SpursLipu_YOLOv3-ModelCompression-MultidatasetTraining-Multibackbone/layer_channel_prune.py,A line with 180 chars in layer_channel_prune exceeds the maximum length of 120 characters.
SpursLipu_YOLOv3-ModelCompression-MultidatasetTraining-Multibackbone,layer_channel_prune,,Long statement,,132,/Volumes/BrokeExt/NICHE/SpursLipu_YOLOv3-ModelCompression-MultidatasetTraining-Multibackbone/layer_channel_prune.py,A line with 180 chars in layer_channel_prune exceeds the maximum length of 120 characters.
SpursLipu_YOLOv3-ModelCompression-MultidatasetTraining-Multibackbone,layer_channel_prune,,Long statement,,173,/Volumes/BrokeExt/NICHE/SpursLipu_YOLOv3-ModelCompression-MultidatasetTraining-Multibackbone/layer_channel_prune.py,A line with 125 chars in layer_channel_prune exceeds the maximum length of 120 characters.
SpursLipu_YOLOv3-ModelCompression-MultidatasetTraining-Multibackbone,layer_channel_prune,,Long statement,,188,/Volumes/BrokeExt/NICHE/SpursLipu_YOLOv3-ModelCompression-MultidatasetTraining-Multibackbone/layer_channel_prune.py,A line with 139 chars in layer_channel_prune exceeds the maximum length of 120 characters.
SpursLipu_YOLOv3-ModelCompression-MultidatasetTraining-Multibackbone,layer_channel_prune,,Long statement,,192,/Volumes/BrokeExt/NICHE/SpursLipu_YOLOv3-ModelCompression-MultidatasetTraining-Multibackbone/layer_channel_prune.py,A line with 121 chars in layer_channel_prune exceeds the maximum length of 120 characters.
SpursLipu_YOLOv3-ModelCompression-MultidatasetTraining-Multibackbone,layer_channel_prune,,Long statement,,253,/Volumes/BrokeExt/NICHE/SpursLipu_YOLOv3-ModelCompression-MultidatasetTraining-Multibackbone/layer_channel_prune.py,A line with 148 chars in layer_channel_prune exceeds the maximum length of 120 characters.
SpursLipu_YOLOv3-ModelCompression-MultidatasetTraining-Multibackbone,layer_channel_prune,,Long statement,,275,/Volumes/BrokeExt/NICHE/SpursLipu_YOLOv3-ModelCompression-MultidatasetTraining-Multibackbone/layer_channel_prune.py,A line with 415 chars in layer_channel_prune exceeds the maximum length of 120 characters.
SpursLipu_YOLOv3-ModelCompression-MultidatasetTraining-Multibackbone,layer_channel_prune,,Long statement,,315,/Volumes/BrokeExt/NICHE/SpursLipu_YOLOv3-ModelCompression-MultidatasetTraining-Multibackbone/layer_channel_prune.py,A line with 131 chars in layer_channel_prune exceeds the maximum length of 120 characters.
SpursLipu_YOLOv3-ModelCompression-MultidatasetTraining-Multibackbone,layer_channel_prune,,Magic number,prune_and_eval,59,/Volumes/BrokeExt/NICHE/SpursLipu_YOLOv3-ModelCompression-MultidatasetTraining-Multibackbone/layer_channel_prune.py,Magic number 2 used in prune_and_eval.
SpursLipu_YOLOv3-ModelCompression-MultidatasetTraining-Multibackbone,layer_channel_prune,,Magic number,prune_and_eval2,74,/Volumes/BrokeExt/NICHE/SpursLipu_YOLOv3-ModelCompression-MultidatasetTraining-Multibackbone/layer_channel_prune.py,Magic number 2 used in prune_and_eval2.
SpursLipu_YOLOv3-ModelCompression-MultidatasetTraining-Multibackbone,layer_channel_prune,,Magic number,obtain_avg_forward_time,95,/Volumes/BrokeExt/NICHE/SpursLipu_YOLOv3-ModelCompression-MultidatasetTraining-Multibackbone/layer_channel_prune.py,Magic number 200 used in obtain_avg_forward_time.
SpursLipu_YOLOv3-ModelCompression-MultidatasetTraining-Multibackbone,layer_channel_regular_prune,,Complex method,obtain_filters_mask,15 - 83,/Volumes/BrokeExt/NICHE/SpursLipu_YOLOv3-ModelCompression-MultidatasetTraining-Multibackbone/layer_channel_regular_prune.py,"Method 'obtain_filters_mask' has a cyclomatic complexity of 8, exceeding the max of 6."
SpursLipu_YOLOv3-ModelCompression-MultidatasetTraining-Multibackbone,layer_channel_regular_prune,,Long method,obtain_filters_mask,15 - 83,/Volumes/BrokeExt/NICHE/SpursLipu_YOLOv3-ModelCompression-MultidatasetTraining-Multibackbone/layer_channel_regular_prune.py,Method 'obtain_filters_mask' is too long (65 lines).
SpursLipu_YOLOv3-ModelCompression-MultidatasetTraining-Multibackbone,layer_channel_regular_prune,,Long statement,,178,/Volumes/BrokeExt/NICHE/SpursLipu_YOLOv3-ModelCompression-MultidatasetTraining-Multibackbone/layer_channel_regular_prune.py,A line with 180 chars in layer_channel_regular_prune exceeds the maximum length of 120 characters.
SpursLipu_YOLOv3-ModelCompression-MultidatasetTraining-Multibackbone,layer_channel_regular_prune,,Long statement,,199,/Volumes/BrokeExt/NICHE/SpursLipu_YOLOv3-ModelCompression-MultidatasetTraining-Multibackbone/layer_channel_regular_prune.py,A line with 180 chars in layer_channel_regular_prune exceeds the maximum length of 120 characters.
SpursLipu_YOLOv3-ModelCompression-MultidatasetTraining-Multibackbone,layer_channel_regular_prune,,Long statement,,260,/Volumes/BrokeExt/NICHE/SpursLipu_YOLOv3-ModelCompression-MultidatasetTraining-Multibackbone/layer_channel_regular_prune.py,A line with 121 chars in layer_channel_regular_prune exceeds the maximum length of 120 characters.
SpursLipu_YOLOv3-ModelCompression-MultidatasetTraining-Multibackbone,layer_channel_regular_prune,,Long statement,,325,/Volumes/BrokeExt/NICHE/SpursLipu_YOLOv3-ModelCompression-MultidatasetTraining-Multibackbone/layer_channel_regular_prune.py,A line with 148 chars in layer_channel_regular_prune exceeds the maximum length of 120 characters.
SpursLipu_YOLOv3-ModelCompression-MultidatasetTraining-Multibackbone,layer_channel_regular_prune,,Long statement,,350,/Volumes/BrokeExt/NICHE/SpursLipu_YOLOv3-ModelCompression-MultidatasetTraining-Multibackbone/layer_channel_regular_prune.py,A line with 415 chars in layer_channel_regular_prune exceeds the maximum length of 120 characters.
SpursLipu_YOLOv3-ModelCompression-MultidatasetTraining-Multibackbone,layer_channel_regular_prune,,Long statement,,389,/Volumes/BrokeExt/NICHE/SpursLipu_YOLOv3-ModelCompression-MultidatasetTraining-Multibackbone/layer_channel_regular_prune.py,A line with 139 chars in layer_channel_regular_prune exceeds the maximum length of 120 characters.
SpursLipu_YOLOv3-ModelCompression-MultidatasetTraining-Multibackbone,layer_channel_regular_prune,,Magic number,obtain_filters_mask,35,/Volumes/BrokeExt/NICHE/SpursLipu_YOLOv3-ModelCompression-MultidatasetTraining-Multibackbone/layer_channel_regular_prune.py,Magic number 8 used in obtain_filters_mask.
SpursLipu_YOLOv3-ModelCompression-MultidatasetTraining-Multibackbone,layer_channel_regular_prune,,Magic number,prune_and_eval2,141,/Volumes/BrokeExt/NICHE/SpursLipu_YOLOv3-ModelCompression-MultidatasetTraining-Multibackbone/layer_channel_regular_prune.py,Magic number 2 used in prune_and_eval2.
SpursLipu_YOLOv3-ModelCompression-MultidatasetTraining-Multibackbone,layer_channel_regular_prune,,Magic number,obtain_avg_forward_time,162,/Volumes/BrokeExt/NICHE/SpursLipu_YOLOv3-ModelCompression-MultidatasetTraining-Multibackbone/layer_channel_regular_prune.py,Magic number 200 used in obtain_avg_forward_time.
SpursLipu_YOLOv3-ModelCompression-MultidatasetTraining-Multibackbone,layer_prune,,Long statement,,61,/Volumes/BrokeExt/NICHE/SpursLipu_YOLOv3-ModelCompression-MultidatasetTraining-Multibackbone/layer_prune.py,A line with 180 chars in layer_prune exceeds the maximum length of 120 characters.
SpursLipu_YOLOv3-ModelCompression-MultidatasetTraining-Multibackbone,layer_prune,,Long statement,,79,/Volumes/BrokeExt/NICHE/SpursLipu_YOLOv3-ModelCompression-MultidatasetTraining-Multibackbone/layer_prune.py,A line with 129 chars in layer_prune exceeds the maximum length of 120 characters.
SpursLipu_YOLOv3-ModelCompression-MultidatasetTraining-Multibackbone,layer_prune,,Long statement,,169,/Volumes/BrokeExt/NICHE/SpursLipu_YOLOv3-ModelCompression-MultidatasetTraining-Multibackbone/layer_prune.py,A line with 271 chars in layer_prune exceeds the maximum length of 120 characters.
SpursLipu_YOLOv3-ModelCompression-MultidatasetTraining-Multibackbone,layer_prune,,Magic number,prune_and_eval,24,/Volumes/BrokeExt/NICHE/SpursLipu_YOLOv3-ModelCompression-MultidatasetTraining-Multibackbone/layer_prune.py,Magic number 2 used in prune_and_eval.
SpursLipu_YOLOv3-ModelCompression-MultidatasetTraining-Multibackbone,layer_prune,,Magic number,obtain_avg_forward_time,45,/Volumes/BrokeExt/NICHE/SpursLipu_YOLOv3-ModelCompression-MultidatasetTraining-Multibackbone/layer_prune.py,Magic number 200 used in obtain_avg_forward_time.
SpursLipu_YOLOv3-ModelCompression-MultidatasetTraining-Multibackbone,models,,Complex method,create_modules,11 - 347,/Volumes/BrokeExt/NICHE/SpursLipu_YOLOv3-ModelCompression-MultidatasetTraining-Multibackbone/models.py,"Method 'create_modules' has a cyclomatic complexity of 54, exceeding the max of 6."
SpursLipu_YOLOv3-ModelCompression-MultidatasetTraining-Multibackbone,models,,Complex method,load_darknet_weights,587 - 735,/Volumes/BrokeExt/NICHE/SpursLipu_YOLOv3-ModelCompression-MultidatasetTraining-Multibackbone/models.py,"Method 'load_darknet_weights' has a cyclomatic complexity of 13, exceeding the max of 6."
SpursLipu_YOLOv3-ModelCompression-MultidatasetTraining-Multibackbone,models,,Complex method,save_weights,738 - 782,/Volumes/BrokeExt/NICHE/SpursLipu_YOLOv3-ModelCompression-MultidatasetTraining-Multibackbone/models.py,"Method 'save_weights' has a cyclomatic complexity of 7, exceeding the max of 6."
SpursLipu_YOLOv3-ModelCompression-MultidatasetTraining-Multibackbone,models,YOLOLayer,Complex method,forward,380 - 437,/Volumes/BrokeExt/NICHE/SpursLipu_YOLOv3-ModelCompression-MultidatasetTraining-Multibackbone/models.py,"Method 'forward' has a cyclomatic complexity of 7, exceeding the max of 6."
SpursLipu_YOLOv3-ModelCompression-MultidatasetTraining-Multibackbone,models,Darknet,Complex method,forward_once,508 - 561,/Volumes/BrokeExt/NICHE/SpursLipu_YOLOv3-ModelCompression-MultidatasetTraining-Multibackbone/models.py,"Method 'forward_once' has a cyclomatic complexity of 13, exceeding the max of 6."
SpursLipu_YOLOv3-ModelCompression-MultidatasetTraining-Multibackbone,models,,Long method,create_modules,11 - 347,/Volumes/BrokeExt/NICHE/SpursLipu_YOLOv3-ModelCompression-MultidatasetTraining-Multibackbone/models.py,Method 'create_modules' is too long (331 lines).
SpursLipu_YOLOv3-ModelCompression-MultidatasetTraining-Multibackbone,models,,Long method,load_darknet_weights,587 - 735,/Volumes/BrokeExt/NICHE/SpursLipu_YOLOv3-ModelCompression-MultidatasetTraining-Multibackbone/models.py,Method 'load_darknet_weights' is too long (141 lines).
SpursLipu_YOLOv3-ModelCompression-MultidatasetTraining-Multibackbone,models,,Long method,save_weights,738 - 782,/Volumes/BrokeExt/NICHE/SpursLipu_YOLOv3-ModelCompression-MultidatasetTraining-Multibackbone/models.py,Method 'save_weights' is too long (43 lines).
SpursLipu_YOLOv3-ModelCompression-MultidatasetTraining-Multibackbone,models,YOLOLayer,Long method,forward,380 - 437,/Volumes/BrokeExt/NICHE/SpursLipu_YOLOv3-ModelCompression-MultidatasetTraining-Multibackbone/models.py,Method 'forward' is too long (55 lines).
SpursLipu_YOLOv3-ModelCompression-MultidatasetTraining-Multibackbone,models,Darknet,Long method,forward_once,508 - 561,/Volumes/BrokeExt/NICHE/SpursLipu_YOLOv3-ModelCompression-MultidatasetTraining-Multibackbone/models.py,Method 'forward_once' is too long (50 lines).
SpursLipu_YOLOv3-ModelCompression-MultidatasetTraining-Multibackbone,models,,Long parameter list,create_modules,11 - 347,/Volumes/BrokeExt/NICHE/SpursLipu_YOLOv3-ModelCompression-MultidatasetTraining-Multibackbone/models.py,"create_modules has 15 parameters, exceeding the max of 5."
SpursLipu_YOLOv3-ModelCompression-MultidatasetTraining-Multibackbone,models,YOLOLayer,Long parameter list,__init__,351 - 365,/Volumes/BrokeExt/NICHE/SpursLipu_YOLOv3-ModelCompression-MultidatasetTraining-Multibackbone/models.py,"__init__ has 7 parameters, exceeding the max of 5."
SpursLipu_YOLOv3-ModelCompression-MultidatasetTraining-Multibackbone,models,Darknet,Long parameter list,__init__,443 - 476,/Volumes/BrokeExt/NICHE/SpursLipu_YOLOv3-ModelCompression-MultidatasetTraining-Multibackbone/models.py,"__init__ has 15 parameters, exceeding the max of 5."
SpursLipu_YOLOv3-ModelCompression-MultidatasetTraining-Multibackbone,models,,Long statement,create_modules,35,/Volumes/BrokeExt/NICHE/SpursLipu_YOLOv3-ModelCompression-MultidatasetTraining-Multibackbone/models.py,A line with 498 chars in create_modules exceeds the maximum length of 120 characters.
SpursLipu_YOLOv3-ModelCompression-MultidatasetTraining-Multibackbone,models,,Long statement,create_modules,56,/Volumes/BrokeExt/NICHE/SpursLipu_YOLOv3-ModelCompression-MultidatasetTraining-Multibackbone/models.py,A line with 397 chars in create_modules exceeds the maximum length of 120 characters.
SpursLipu_YOLOv3-ModelCompression-MultidatasetTraining-Multibackbone,models,,Long statement,create_modules,72,/Volumes/BrokeExt/NICHE/SpursLipu_YOLOv3-ModelCompression-MultidatasetTraining-Multibackbone/models.py,A line with 490 chars in create_modules exceeds the maximum length of 120 characters.
SpursLipu_YOLOv3-ModelCompression-MultidatasetTraining-Multibackbone,models,,Long statement,create_modules,92,/Volumes/BrokeExt/NICHE/SpursLipu_YOLOv3-ModelCompression-MultidatasetTraining-Multibackbone/models.py,A line with 231 chars in create_modules exceeds the maximum length of 120 characters.
SpursLipu_YOLOv3-ModelCompression-MultidatasetTraining-Multibackbone,models,,Long statement,create_modules,121,/Volumes/BrokeExt/NICHE/SpursLipu_YOLOv3-ModelCompression-MultidatasetTraining-Multibackbone/models.py,A line with 479 chars in create_modules exceeds the maximum length of 120 characters.
SpursLipu_YOLOv3-ModelCompression-MultidatasetTraining-Multibackbone,models,,Long statement,create_modules,141,/Volumes/BrokeExt/NICHE/SpursLipu_YOLOv3-ModelCompression-MultidatasetTraining-Multibackbone/models.py,A line with 378 chars in create_modules exceeds the maximum length of 120 characters.
SpursLipu_YOLOv3-ModelCompression-MultidatasetTraining-Multibackbone,models,,Long statement,create_modules,158,/Volumes/BrokeExt/NICHE/SpursLipu_YOLOv3-ModelCompression-MultidatasetTraining-Multibackbone/models.py,A line with 471 chars in create_modules exceeds the maximum length of 120 characters.
SpursLipu_YOLOv3-ModelCompression-MultidatasetTraining-Multibackbone,models,,Long statement,create_modules,176,/Volumes/BrokeExt/NICHE/SpursLipu_YOLOv3-ModelCompression-MultidatasetTraining-Multibackbone/models.py,A line with 212 chars in create_modules exceeds the maximum length of 120 characters.
SpursLipu_YOLOv3-ModelCompression-MultidatasetTraining-Multibackbone,models,,Long statement,create_modules,240,/Volumes/BrokeExt/NICHE/SpursLipu_YOLOv3-ModelCompression-MultidatasetTraining-Multibackbone/models.py,A line with 218 chars in create_modules exceeds the maximum length of 120 characters.
SpursLipu_YOLOv3-ModelCompression-MultidatasetTraining-Multibackbone,models,,Long statement,create_modules,247,/Volumes/BrokeExt/NICHE/SpursLipu_YOLOv3-ModelCompression-MultidatasetTraining-Multibackbone/models.py,A line with 219 chars in create_modules exceeds the maximum length of 120 characters.
SpursLipu_YOLOv3-ModelCompression-MultidatasetTraining-Multibackbone,models,,Long statement,create_modules,255,/Volumes/BrokeExt/NICHE/SpursLipu_YOLOv3-ModelCompression-MultidatasetTraining-Multibackbone/models.py,A line with 213 chars in create_modules exceeds the maximum length of 120 characters.
SpursLipu_YOLOv3-ModelCompression-MultidatasetTraining-Multibackbone,models,,Long statement,create_modules,262,/Volumes/BrokeExt/NICHE/SpursLipu_YOLOv3-ModelCompression-MultidatasetTraining-Multibackbone/models.py,A line with 214 chars in create_modules exceeds the maximum length of 120 characters.
SpursLipu_YOLOv3-ModelCompression-MultidatasetTraining-Multibackbone,models,,Long statement,create_modules,278,/Volumes/BrokeExt/NICHE/SpursLipu_YOLOv3-ModelCompression-MultidatasetTraining-Multibackbone/models.py,A line with 237 chars in create_modules exceeds the maximum length of 120 characters.
SpursLipu_YOLOv3-ModelCompression-MultidatasetTraining-Multibackbone,models,,Long statement,create_modules,285,/Volumes/BrokeExt/NICHE/SpursLipu_YOLOv3-ModelCompression-MultidatasetTraining-Multibackbone/models.py,A line with 237 chars in create_modules exceeds the maximum length of 120 characters.
SpursLipu_YOLOv3-ModelCompression-MultidatasetTraining-Multibackbone,models,,Long statement,create_modules,293,/Volumes/BrokeExt/NICHE/SpursLipu_YOLOv3-ModelCompression-MultidatasetTraining-Multibackbone/models.py,A line with 232 chars in create_modules exceeds the maximum length of 120 characters.
SpursLipu_YOLOv3-ModelCompression-MultidatasetTraining-Multibackbone,models,,Long statement,create_modules,300,/Volumes/BrokeExt/NICHE/SpursLipu_YOLOv3-ModelCompression-MultidatasetTraining-Multibackbone/models.py,A line with 232 chars in create_modules exceeds the maximum length of 120 characters.
SpursLipu_YOLOv3-ModelCompression-MultidatasetTraining-Multibackbone,models,,Long statement,create_modules,317,/Volumes/BrokeExt/NICHE/SpursLipu_YOLOv3-ModelCompression-MultidatasetTraining-Multibackbone/models.py,A line with 197 chars in create_modules exceeds the maximum length of 120 characters.
SpursLipu_YOLOv3-ModelCompression-MultidatasetTraining-Multibackbone,models,YOLOLayer,Long statement,forward,398,/Volumes/BrokeExt/NICHE/SpursLipu_YOLOv3-ModelCompression-MultidatasetTraining-Multibackbone/models.py,A line with 127 chars in forward exceeds the maximum length of 120 characters.
SpursLipu_YOLOv3-ModelCompression-MultidatasetTraining-Multibackbone,models,Darknet,Long statement,__init__,462,/Volumes/BrokeExt/NICHE/SpursLipu_YOLOv3-ModelCompression-MultidatasetTraining-Multibackbone/models.py,A line with 350 chars in __init__ exceeds the maximum length of 120 characters.
SpursLipu_YOLOv3-ModelCompression-MultidatasetTraining-Multibackbone,models,,Magic number,create_modules,11,/Volumes/BrokeExt/NICHE/SpursLipu_YOLOv3-ModelCompression-MultidatasetTraining-Multibackbone/models.py,Magic number 8 used in create_modules.
SpursLipu_YOLOv3-ModelCompression-MultidatasetTraining-Multibackbone,models,,Magic number,create_modules,12,/Volumes/BrokeExt/NICHE/SpursLipu_YOLOv3-ModelCompression-MultidatasetTraining-Multibackbone/models.py,Magic number 8 used in create_modules.
SpursLipu_YOLOv3-ModelCompression-MultidatasetTraining-Multibackbone,models,,Magic number,create_modules,15,/Volumes/BrokeExt/NICHE/SpursLipu_YOLOv3-ModelCompression-MultidatasetTraining-Multibackbone/models.py,Magic number 2 used in create_modules.
SpursLipu_YOLOv3-ModelCompression-MultidatasetTraining-Multibackbone,models,,Magic number,create_modules,20,/Volumes/BrokeExt/NICHE/SpursLipu_YOLOv3-ModelCompression-MultidatasetTraining-Multibackbone/models.py,Magic number 3 used in create_modules.
SpursLipu_YOLOv3-ModelCompression-MultidatasetTraining-Multibackbone,models,,Magic number,create_modules,33,/Volumes/BrokeExt/NICHE/SpursLipu_YOLOv3-ModelCompression-MultidatasetTraining-Multibackbone/models.py,Magic number 2 used in create_modules.
SpursLipu_YOLOv3-ModelCompression-MultidatasetTraining-Multibackbone,models,,Magic number,create_modules,55,/Volumes/BrokeExt/NICHE/SpursLipu_YOLOv3-ModelCompression-MultidatasetTraining-Multibackbone/models.py,Magic number 2 used in create_modules.
SpursLipu_YOLOv3-ModelCompression-MultidatasetTraining-Multibackbone,models,,Magic number,create_modules,140,/Volumes/BrokeExt/NICHE/SpursLipu_YOLOv3-ModelCompression-MultidatasetTraining-Multibackbone/models.py,Magic number 2 used in create_modules.
SpursLipu_YOLOv3-ModelCompression-MultidatasetTraining-Multibackbone,models,,Magic number,create_modules,71,/Volumes/BrokeExt/NICHE/SpursLipu_YOLOv3-ModelCompression-MultidatasetTraining-Multibackbone/models.py,Magic number 3 used in create_modules.
SpursLipu_YOLOv3-ModelCompression-MultidatasetTraining-Multibackbone,models,,Magic number,create_modules,119,/Volumes/BrokeExt/NICHE/SpursLipu_YOLOv3-ModelCompression-MultidatasetTraining-Multibackbone/models.py,Magic number 2 used in create_modules.
SpursLipu_YOLOv3-ModelCompression-MultidatasetTraining-Multibackbone,models,,Magic number,create_modules,157,/Volumes/BrokeExt/NICHE/SpursLipu_YOLOv3-ModelCompression-MultidatasetTraining-Multibackbone/models.py,Magic number 3 used in create_modules.
SpursLipu_YOLOv3-ModelCompression-MultidatasetTraining-Multibackbone,models,,Magic number,create_modules,202,/Volumes/BrokeExt/NICHE/SpursLipu_YOLOv3-ModelCompression-MultidatasetTraining-Multibackbone/models.py,Magic number 3 used in create_modules.
SpursLipu_YOLOv3-ModelCompression-MultidatasetTraining-Multibackbone,models,,Magic number,create_modules,211,/Volumes/BrokeExt/NICHE/SpursLipu_YOLOv3-ModelCompression-MultidatasetTraining-Multibackbone/models.py,Magic number 2 used in create_modules.
SpursLipu_YOLOv3-ModelCompression-MultidatasetTraining-Multibackbone,models,,Magic number,create_modules,231,/Volumes/BrokeExt/NICHE/SpursLipu_YOLOv3-ModelCompression-MultidatasetTraining-Multibackbone/models.py,Magic number 2 used in create_modules.
SpursLipu_YOLOv3-ModelCompression-MultidatasetTraining-Multibackbone,models,,Magic number,create_modules,238,/Volumes/BrokeExt/NICHE/SpursLipu_YOLOv3-ModelCompression-MultidatasetTraining-Multibackbone/models.py,Magic number 3 used in create_modules.
SpursLipu_YOLOv3-ModelCompression-MultidatasetTraining-Multibackbone,models,,Magic number,create_modules,273,/Volumes/BrokeExt/NICHE/SpursLipu_YOLOv3-ModelCompression-MultidatasetTraining-Multibackbone/models.py,Magic number 2 used in create_modules.
SpursLipu_YOLOv3-ModelCompression-MultidatasetTraining-Multibackbone,models,,Magic number,create_modules,276,/Volumes/BrokeExt/NICHE/SpursLipu_YOLOv3-ModelCompression-MultidatasetTraining-Multibackbone/models.py,Magic number 3 used in create_modules.
SpursLipu_YOLOv3-ModelCompression-MultidatasetTraining-Multibackbone,models,,Magic number,create_modules,312,/Volumes/BrokeExt/NICHE/SpursLipu_YOLOv3-ModelCompression-MultidatasetTraining-Multibackbone/models.py,Magic number 32 used in create_modules.
SpursLipu_YOLOv3-ModelCompression-MultidatasetTraining-Multibackbone,models,,Magic number,create_modules,312,/Volumes/BrokeExt/NICHE/SpursLipu_YOLOv3-ModelCompression-MultidatasetTraining-Multibackbone/models.py,Magic number 16 used in create_modules.
SpursLipu_YOLOv3-ModelCompression-MultidatasetTraining-Multibackbone,models,,Magic number,create_modules,312,/Volumes/BrokeExt/NICHE/SpursLipu_YOLOv3-ModelCompression-MultidatasetTraining-Multibackbone/models.py,Magic number 8 used in create_modules.
SpursLipu_YOLOv3-ModelCompression-MultidatasetTraining-Multibackbone,models,,Magic number,create_modules,284,/Volumes/BrokeExt/NICHE/SpursLipu_YOLOv3-ModelCompression-MultidatasetTraining-Multibackbone/models.py,Magic number 2 used in create_modules.
SpursLipu_YOLOv3-ModelCompression-MultidatasetTraining-Multibackbone,models,,Magic number,create_modules,299,/Volumes/BrokeExt/NICHE/SpursLipu_YOLOv3-ModelCompression-MultidatasetTraining-Multibackbone/models.py,Magic number 2 used in create_modules.
SpursLipu_YOLOv3-ModelCompression-MultidatasetTraining-Multibackbone,models,,Magic number,create_modules,331,/Volumes/BrokeExt/NICHE/SpursLipu_YOLOv3-ModelCompression-MultidatasetTraining-Multibackbone/models.py,Magic number 4.5 used in create_modules.
SpursLipu_YOLOv3-ModelCompression-MultidatasetTraining-Multibackbone,models,,Magic number,create_modules,331,/Volumes/BrokeExt/NICHE/SpursLipu_YOLOv3-ModelCompression-MultidatasetTraining-Multibackbone/models.py,Magic number 4 used in create_modules.
SpursLipu_YOLOv3-ModelCompression-MultidatasetTraining-Multibackbone,models,,Magic number,create_modules,331,/Volumes/BrokeExt/NICHE/SpursLipu_YOLOv3-ModelCompression-MultidatasetTraining-Multibackbone/models.py,Magic number 4 used in create_modules.
SpursLipu_YOLOv3-ModelCompression-MultidatasetTraining-Multibackbone,models,,Magic number,create_modules,332,/Volumes/BrokeExt/NICHE/SpursLipu_YOLOv3-ModelCompression-MultidatasetTraining-Multibackbone/models.py,Magic number 5 used in create_modules.
SpursLipu_YOLOv3-ModelCompression-MultidatasetTraining-Multibackbone,models,,Magic number,create_modules,332,/Volumes/BrokeExt/NICHE/SpursLipu_YOLOv3-ModelCompression-MultidatasetTraining-Multibackbone/models.py,Magic number 5 used in create_modules.
SpursLipu_YOLOv3-ModelCompression-MultidatasetTraining-Multibackbone,models,,Magic number,load_darknet_weights,593,/Volumes/BrokeExt/NICHE/SpursLipu_YOLOv3-ModelCompression-MultidatasetTraining-Multibackbone/models.py,Magic number 75 used in load_darknet_weights.
SpursLipu_YOLOv3-ModelCompression-MultidatasetTraining-Multibackbone,models,,Magic number,load_darknet_weights,595,/Volumes/BrokeExt/NICHE/SpursLipu_YOLOv3-ModelCompression-MultidatasetTraining-Multibackbone/models.py,Magic number 15 used in load_darknet_weights.
SpursLipu_YOLOv3-ModelCompression-MultidatasetTraining-Multibackbone,models,,Magic number,load_darknet_weights,658,/Volumes/BrokeExt/NICHE/SpursLipu_YOLOv3-ModelCompression-MultidatasetTraining-Multibackbone/models.py,Magic number 255 used in load_darknet_weights.
SpursLipu_YOLOv3-ModelCompression-MultidatasetTraining-Multibackbone,models,,Magic number,load_darknet_weights,660,/Volumes/BrokeExt/NICHE/SpursLipu_YOLOv3-ModelCompression-MultidatasetTraining-Multibackbone/models.py,Magic number 255 used in load_darknet_weights.
SpursLipu_YOLOv3-ModelCompression-MultidatasetTraining-Multibackbone,models,,Magic number,load_darknet_weights,728,/Volumes/BrokeExt/NICHE/SpursLipu_YOLOv3-ModelCompression-MultidatasetTraining-Multibackbone/models.py,Magic number 2 used in load_darknet_weights.
SpursLipu_YOLOv3-ModelCompression-MultidatasetTraining-Multibackbone,models,,Magic number,save_weights,780,/Volumes/BrokeExt/NICHE/SpursLipu_YOLOv3-ModelCompression-MultidatasetTraining-Multibackbone/models.py,Magic number 2 used in save_weights.
SpursLipu_YOLOv3-ModelCompression-MultidatasetTraining-Multibackbone,models,,Magic number,attempt_download,841,/Volumes/BrokeExt/NICHE/SpursLipu_YOLOv3-ModelCompression-MultidatasetTraining-Multibackbone/models.py,Magic number 1000000.0 used in attempt_download.
SpursLipu_YOLOv3-ModelCompression-MultidatasetTraining-Multibackbone,models,YOLOLayer,Magic number,__init__,360,/Volumes/BrokeExt/NICHE/SpursLipu_YOLOv3-ModelCompression-MultidatasetTraining-Multibackbone/models.py,Magic number 5 used in __init__.
SpursLipu_YOLOv3-ModelCompression-MultidatasetTraining-Multibackbone,models,YOLOLayer,Magic number,create_grids,367,/Volumes/BrokeExt/NICHE/SpursLipu_YOLOv3-ModelCompression-MultidatasetTraining-Multibackbone/models.py,Magic number 13 used in create_grids.
SpursLipu_YOLOv3-ModelCompression-MultidatasetTraining-Multibackbone,models,YOLOLayer,Magic number,create_grids,367,/Volumes/BrokeExt/NICHE/SpursLipu_YOLOv3-ModelCompression-MultidatasetTraining-Multibackbone/models.py,Magic number 13 used in create_grids.
SpursLipu_YOLOv3-ModelCompression-MultidatasetTraining-Multibackbone,models,YOLOLayer,Magic number,forward,391,/Volumes/BrokeExt/NICHE/SpursLipu_YOLOv3-ModelCompression-MultidatasetTraining-Multibackbone/models.py,Magic number 2 used in forward.
SpursLipu_YOLOv3-ModelCompression-MultidatasetTraining-Multibackbone,models,YOLOLayer,Magic number,forward,415,/Volumes/BrokeExt/NICHE/SpursLipu_YOLOv3-ModelCompression-MultidatasetTraining-Multibackbone/models.py,Magic number 2 used in forward.
SpursLipu_YOLOv3-ModelCompression-MultidatasetTraining-Multibackbone,models,YOLOLayer,Magic number,forward,416,/Volumes/BrokeExt/NICHE/SpursLipu_YOLOv3-ModelCompression-MultidatasetTraining-Multibackbone/models.py,Magic number 2 used in forward.
SpursLipu_YOLOv3-ModelCompression-MultidatasetTraining-Multibackbone,models,YOLOLayer,Magic number,forward,416,/Volumes/BrokeExt/NICHE/SpursLipu_YOLOv3-ModelCompression-MultidatasetTraining-Multibackbone/models.py,Magic number 4 used in forward.
SpursLipu_YOLOv3-ModelCompression-MultidatasetTraining-Multibackbone,models,YOLOLayer,Magic number,forward,417,/Volumes/BrokeExt/NICHE/SpursLipu_YOLOv3-ModelCompression-MultidatasetTraining-Multibackbone/models.py,Magic number 4 used in forward.
SpursLipu_YOLOv3-ModelCompression-MultidatasetTraining-Multibackbone,models,YOLOLayer,Magic number,forward,422,/Volumes/BrokeExt/NICHE/SpursLipu_YOLOv3-ModelCompression-MultidatasetTraining-Multibackbone/models.py,Magic number 4 used in forward.
SpursLipu_YOLOv3-ModelCompression-MultidatasetTraining-Multibackbone,models,Darknet,Magic number,__init__,443,/Volumes/BrokeExt/NICHE/SpursLipu_YOLOv3-ModelCompression-MultidatasetTraining-Multibackbone/models.py,Magic number 8 used in __init__.
SpursLipu_YOLOv3-ModelCompression-MultidatasetTraining-Multibackbone,models,Darknet,Magic number,__init__,443,/Volumes/BrokeExt/NICHE/SpursLipu_YOLOv3-ModelCompression-MultidatasetTraining-Multibackbone/models.py,Magic number 8 used in __init__.
SpursLipu_YOLOv3-ModelCompression-MultidatasetTraining-Multibackbone,models,Darknet,Magic number,__init__,444,/Volumes/BrokeExt/NICHE/SpursLipu_YOLOv3-ModelCompression-MultidatasetTraining-Multibackbone/models.py,Magic number 32 used in __init__.
SpursLipu_YOLOv3-ModelCompression-MultidatasetTraining-Multibackbone,models,Darknet,Magic number,__init__,444,/Volumes/BrokeExt/NICHE/SpursLipu_YOLOv3-ModelCompression-MultidatasetTraining-Multibackbone/models.py,Magic number 32 used in __init__.
SpursLipu_YOLOv3-ModelCompression-MultidatasetTraining-Multibackbone,models,Darknet,Magic number,__init__,443,/Volumes/BrokeExt/NICHE/SpursLipu_YOLOv3-ModelCompression-MultidatasetTraining-Multibackbone/models.py,Magic number 416 used in __init__.
SpursLipu_YOLOv3-ModelCompression-MultidatasetTraining-Multibackbone,models,Darknet,Magic number,__init__,443,/Volumes/BrokeExt/NICHE/SpursLipu_YOLOv3-ModelCompression-MultidatasetTraining-Multibackbone/models.py,Magic number 416 used in __init__.
SpursLipu_YOLOv3-ModelCompression-MultidatasetTraining-Multibackbone,models,Darknet,Magic number,forward,484,/Volumes/BrokeExt/NICHE/SpursLipu_YOLOv3-ModelCompression-MultidatasetTraining-Multibackbone/models.py,Magic number 0.83 used in forward.
SpursLipu_YOLOv3-ModelCompression-MultidatasetTraining-Multibackbone,models,Darknet,Magic number,forward,484,/Volumes/BrokeExt/NICHE/SpursLipu_YOLOv3-ModelCompression-MultidatasetTraining-Multibackbone/models.py,Magic number 0.67 used in forward.
SpursLipu_YOLOv3-ModelCompression-MultidatasetTraining-Multibackbone,models,Darknet,Magic number,forward,495,/Volumes/BrokeExt/NICHE/SpursLipu_YOLOv3-ModelCompression-MultidatasetTraining-Multibackbone/models.py,Magic number 2 used in forward.
SpursLipu_YOLOv3-ModelCompression-MultidatasetTraining-Multibackbone,models,Darknet,Magic number,forward,483,/Volumes/BrokeExt/NICHE/SpursLipu_YOLOv3-ModelCompression-MultidatasetTraining-Multibackbone/models.py,Magic number 2 used in forward.
SpursLipu_YOLOv3-ModelCompression-MultidatasetTraining-Multibackbone,models,Darknet,Magic number,forward,493,/Volumes/BrokeExt/NICHE/SpursLipu_YOLOv3-ModelCompression-MultidatasetTraining-Multibackbone/models.py,Magic number 4 used in forward.
SpursLipu_YOLOv3-ModelCompression-MultidatasetTraining-Multibackbone,models,Darknet,Magic number,forward,495,/Volumes/BrokeExt/NICHE/SpursLipu_YOLOv3-ModelCompression-MultidatasetTraining-Multibackbone/models.py,Magic number 4 used in forward.
SpursLipu_YOLOv3-ModelCompression-MultidatasetTraining-Multibackbone,models,Darknet,Magic number,forward_once,518,/Volumes/BrokeExt/NICHE/SpursLipu_YOLOv3-ModelCompression-MultidatasetTraining-Multibackbone/models.py,Magic number 0.83 used in forward_once.
SpursLipu_YOLOv3-ModelCompression-MultidatasetTraining-Multibackbone,models,Darknet,Magic number,forward_once,518,/Volumes/BrokeExt/NICHE/SpursLipu_YOLOv3-ModelCompression-MultidatasetTraining-Multibackbone/models.py,Magic number 0.67 used in forward_once.
SpursLipu_YOLOv3-ModelCompression-MultidatasetTraining-Multibackbone,models,Darknet,Magic number,forward_once,509,/Volumes/BrokeExt/NICHE/SpursLipu_YOLOv3-ModelCompression-MultidatasetTraining-Multibackbone/models.py,Magic number 2 used in forward_once.
SpursLipu_YOLOv3-ModelCompression-MultidatasetTraining-Multibackbone,models,Darknet,Magic number,forward_once,559,/Volumes/BrokeExt/NICHE/SpursLipu_YOLOv3-ModelCompression-MultidatasetTraining-Multibackbone/models.py,Magic number 2 used in forward_once.
SpursLipu_YOLOv3-ModelCompression-MultidatasetTraining-Multibackbone,models,Darknet,Magic number,forward_once,557,/Volumes/BrokeExt/NICHE/SpursLipu_YOLOv3-ModelCompression-MultidatasetTraining-Multibackbone/models.py,Magic number 4 used in forward_once.
SpursLipu_YOLOv3-ModelCompression-MultidatasetTraining-Multibackbone,models,Darknet,Magic number,forward_once,559,/Volumes/BrokeExt/NICHE/SpursLipu_YOLOv3-ModelCompression-MultidatasetTraining-Multibackbone/models.py,Magic number 4 used in forward_once.
SpursLipu_YOLOv3-ModelCompression-MultidatasetTraining-Multibackbone,normal_prune,,Long statement,,117,/Volumes/BrokeExt/NICHE/SpursLipu_YOLOv3-ModelCompression-MultidatasetTraining-Multibackbone/normal_prune.py,A line with 133 chars in normal_prune exceeds the maximum length of 120 characters.
SpursLipu_YOLOv3-ModelCompression-MultidatasetTraining-Multibackbone,normal_prune,,Long statement,,185,/Volumes/BrokeExt/NICHE/SpursLipu_YOLOv3-ModelCompression-MultidatasetTraining-Multibackbone/normal_prune.py,A line with 279 chars in normal_prune exceeds the maximum length of 120 characters.
SpursLipu_YOLOv3-ModelCompression-MultidatasetTraining-Multibackbone,normal_prune,,Magic number,obtain_avg_forward_time,76,/Volumes/BrokeExt/NICHE/SpursLipu_YOLOv3-ModelCompression-MultidatasetTraining-Multibackbone/normal_prune.py,Magic number 200 used in obtain_avg_forward_time.
SpursLipu_YOLOv3-ModelCompression-MultidatasetTraining-Multibackbone,regular_prune,,Complex method,obtain_filters_mask,68 - 121,/Volumes/BrokeExt/NICHE/SpursLipu_YOLOv3-ModelCompression-MultidatasetTraining-Multibackbone/regular_prune.py,"Method 'obtain_filters_mask' has a cyclomatic complexity of 7, exceeding the max of 6."
SpursLipu_YOLOv3-ModelCompression-MultidatasetTraining-Multibackbone,regular_prune,,Long method,obtain_filters_mask,68 - 121,/Volumes/BrokeExt/NICHE/SpursLipu_YOLOv3-ModelCompression-MultidatasetTraining-Multibackbone/regular_prune.py,Method 'obtain_filters_mask' is too long (50 lines).
SpursLipu_YOLOv3-ModelCompression-MultidatasetTraining-Multibackbone,regular_prune,,Long statement,,166,/Volumes/BrokeExt/NICHE/SpursLipu_YOLOv3-ModelCompression-MultidatasetTraining-Multibackbone/regular_prune.py,A line with 133 chars in regular_prune exceeds the maximum length of 120 characters.
SpursLipu_YOLOv3-ModelCompression-MultidatasetTraining-Multibackbone,regular_prune,,Long statement,,236,/Volumes/BrokeExt/NICHE/SpursLipu_YOLOv3-ModelCompression-MultidatasetTraining-Multibackbone/regular_prune.py,A line with 279 chars in regular_prune exceeds the maximum length of 120 characters.
SpursLipu_YOLOv3-ModelCompression-MultidatasetTraining-Multibackbone,regular_prune,,Magic number,prune_and_eval,42,/Volumes/BrokeExt/NICHE/SpursLipu_YOLOv3-ModelCompression-MultidatasetTraining-Multibackbone/regular_prune.py,Magic number 8 used in prune_and_eval.
SpursLipu_YOLOv3-ModelCompression-MultidatasetTraining-Multibackbone,regular_prune,,Magic number,obtain_filters_mask,86,/Volumes/BrokeExt/NICHE/SpursLipu_YOLOv3-ModelCompression-MultidatasetTraining-Multibackbone/regular_prune.py,Magic number 8 used in obtain_filters_mask.
SpursLipu_YOLOv3-ModelCompression-MultidatasetTraining-Multibackbone,regular_prune,,Magic number,obtain_avg_forward_time,124,/Volumes/BrokeExt/NICHE/SpursLipu_YOLOv3-ModelCompression-MultidatasetTraining-Multibackbone/regular_prune.py,Magic number 200 used in obtain_avg_forward_time.
SpursLipu_YOLOv3-ModelCompression-MultidatasetTraining-Multibackbone,shortcut_prune,,Long method,obtain_filters_mask,73 - 121,/Volumes/BrokeExt/NICHE/SpursLipu_YOLOv3-ModelCompression-MultidatasetTraining-Multibackbone/shortcut_prune.py,Method 'obtain_filters_mask' is too long (45 lines).
SpursLipu_YOLOv3-ModelCompression-MultidatasetTraining-Multibackbone,shortcut_prune,,Long statement,,163,/Volumes/BrokeExt/NICHE/SpursLipu_YOLOv3-ModelCompression-MultidatasetTraining-Multibackbone/shortcut_prune.py,A line with 133 chars in shortcut_prune exceeds the maximum length of 120 characters.
SpursLipu_YOLOv3-ModelCompression-MultidatasetTraining-Multibackbone,shortcut_prune,,Long statement,,233,/Volumes/BrokeExt/NICHE/SpursLipu_YOLOv3-ModelCompression-MultidatasetTraining-Multibackbone/shortcut_prune.py,A line with 271 chars in shortcut_prune exceeds the maximum length of 120 characters.
SpursLipu_YOLOv3-ModelCompression-MultidatasetTraining-Multibackbone,shortcut_prune,,Magic number,obtain_avg_forward_time,124,/Volumes/BrokeExt/NICHE/SpursLipu_YOLOv3-ModelCompression-MultidatasetTraining-Multibackbone/shortcut_prune.py,Magic number 200 used in obtain_avg_forward_time.
SpursLipu_YOLOv3-ModelCompression-MultidatasetTraining-Multibackbone,slim_prune,,Long statement,,97,/Volumes/BrokeExt/NICHE/SpursLipu_YOLOv3-ModelCompression-MultidatasetTraining-Multibackbone/slim_prune.py,A line with 129 chars in slim_prune exceeds the maximum length of 120 characters.
SpursLipu_YOLOv3-ModelCompression-MultidatasetTraining-Multibackbone,slim_prune,,Long statement,,134,/Volumes/BrokeExt/NICHE/SpursLipu_YOLOv3-ModelCompression-MultidatasetTraining-Multibackbone/slim_prune.py,A line with 125 chars in slim_prune exceeds the maximum length of 120 characters.
SpursLipu_YOLOv3-ModelCompression-MultidatasetTraining-Multibackbone,slim_prune,,Long statement,,164,/Volumes/BrokeExt/NICHE/SpursLipu_YOLOv3-ModelCompression-MultidatasetTraining-Multibackbone/slim_prune.py,A line with 271 chars in slim_prune exceeds the maximum length of 120 characters.
SpursLipu_YOLOv3-ModelCompression-MultidatasetTraining-Multibackbone,slim_prune,,Magic number,prune_and_eval,59,/Volumes/BrokeExt/NICHE/SpursLipu_YOLOv3-ModelCompression-MultidatasetTraining-Multibackbone/slim_prune.py,Magic number 2 used in prune_and_eval.
SpursLipu_YOLOv3-ModelCompression-MultidatasetTraining-Multibackbone,slim_prune,,Magic number,obtain_avg_forward_time,64,/Volumes/BrokeExt/NICHE/SpursLipu_YOLOv3-ModelCompression-MultidatasetTraining-Multibackbone/slim_prune.py,Magic number 200 used in obtain_avg_forward_time.
SpursLipu_YOLOv3-ModelCompression-MultidatasetTraining-Multibackbone,test,,Complex method,test,10 - 253,/Volumes/BrokeExt/NICHE/SpursLipu_YOLOv3-ModelCompression-MultidatasetTraining-Multibackbone/test.py,"Method 'test' has a cyclomatic complexity of 38, exceeding the max of 6."
SpursLipu_YOLOv3-ModelCompression-MultidatasetTraining-Multibackbone,test,,Long method,test,10 - 253,/Volumes/BrokeExt/NICHE/SpursLipu_YOLOv3-ModelCompression-MultidatasetTraining-Multibackbone/test.py,Method 'test' is too long (207 lines).
SpursLipu_YOLOv3-ModelCompression-MultidatasetTraining-Multibackbone,test,,Long parameter list,test,10 - 253,/Volumes/BrokeExt/NICHE/SpursLipu_YOLOv3-ModelCompression-MultidatasetTraining-Multibackbone/test.py,"test has 20 parameters, exceeding the max of 5."
SpursLipu_YOLOv3-ModelCompression-MultidatasetTraining-Multibackbone,test,,Long statement,test,40,/Volumes/BrokeExt/NICHE/SpursLipu_YOLOv3-ModelCompression-MultidatasetTraining-Multibackbone/test.py,A line with 157 chars in test exceeds the maximum length of 120 characters.
SpursLipu_YOLOv3-ModelCompression-MultidatasetTraining-Multibackbone,test,,Long statement,test,75,/Volumes/BrokeExt/NICHE/SpursLipu_YOLOv3-ModelCompression-MultidatasetTraining-Multibackbone/test.py,A line with 182 chars in test exceeds the maximum length of 120 characters.
SpursLipu_YOLOv3-ModelCompression-MultidatasetTraining-Multibackbone,test,,Long statement,test,151,/Volumes/BrokeExt/NICHE/SpursLipu_YOLOv3-ModelCompression-MultidatasetTraining-Multibackbone/test.py,A line with 134 chars in test exceeds the maximum length of 120 characters.
SpursLipu_YOLOv3-ModelCompression-MultidatasetTraining-Multibackbone,test,,Long statement,test,192,/Volumes/BrokeExt/NICHE/SpursLipu_YOLOv3-ModelCompression-MultidatasetTraining-Multibackbone/test.py,A line with 122 chars in test exceeds the maximum length of 120 characters.
SpursLipu_YOLOv3-ModelCompression-MultidatasetTraining-Multibackbone,test,,Long statement,,285,/Volumes/BrokeExt/NICHE/SpursLipu_YOLOv3-ModelCompression-MultidatasetTraining-Multibackbone/test.py,A line with 288 chars in test exceeds the maximum length of 120 characters.
SpursLipu_YOLOv3-ModelCompression-MultidatasetTraining-Multibackbone,test,,Magic number,test,13,/Volumes/BrokeExt/NICHE/SpursLipu_YOLOv3-ModelCompression-MultidatasetTraining-Multibackbone/test.py,Magic number 16 used in test.
SpursLipu_YOLOv3-ModelCompression-MultidatasetTraining-Multibackbone,test,,Magic number,test,14,/Volumes/BrokeExt/NICHE/SpursLipu_YOLOv3-ModelCompression-MultidatasetTraining-Multibackbone/test.py,Magic number 416 used in test.
SpursLipu_YOLOv3-ModelCompression-MultidatasetTraining-Multibackbone,test,,Magic number,test,15,/Volumes/BrokeExt/NICHE/SpursLipu_YOLOv3-ModelCompression-MultidatasetTraining-Multibackbone/test.py,Magic number 0.001 used in test.
SpursLipu_YOLOv3-ModelCompression-MultidatasetTraining-Multibackbone,test,,Magic number,test,16,/Volumes/BrokeExt/NICHE/SpursLipu_YOLOv3-ModelCompression-MultidatasetTraining-Multibackbone/test.py,Magic number 0.6 used in test.
SpursLipu_YOLOv3-ModelCompression-MultidatasetTraining-Multibackbone,test,,Magic number,test,23,/Volumes/BrokeExt/NICHE/SpursLipu_YOLOv3-ModelCompression-MultidatasetTraining-Multibackbone/test.py,Magic number 8 used in test.
SpursLipu_YOLOv3-ModelCompression-MultidatasetTraining-Multibackbone,test,,Magic number,test,24,/Volumes/BrokeExt/NICHE/SpursLipu_YOLOv3-ModelCompression-MultidatasetTraining-Multibackbone/test.py,Magic number 8 used in test.
SpursLipu_YOLOv3-ModelCompression-MultidatasetTraining-Multibackbone,test,,Magic number,test,207,/Volumes/BrokeExt/NICHE/SpursLipu_YOLOv3-ModelCompression-MultidatasetTraining-Multibackbone/test.py,Magic number 6 used in test.
SpursLipu_YOLOv3-ModelCompression-MultidatasetTraining-Multibackbone,test,,Magic number,test,85,/Volumes/BrokeExt/NICHE/SpursLipu_YOLOv3-ModelCompression-MultidatasetTraining-Multibackbone/test.py,Magic number 6 used in test.
SpursLipu_YOLOv3-ModelCompression-MultidatasetTraining-Multibackbone,test,,Magic number,test,92,/Volumes/BrokeExt/NICHE/SpursLipu_YOLOv3-ModelCompression-MultidatasetTraining-Multibackbone/test.py,Magic number 256.0 used in test.
SpursLipu_YOLOv3-ModelCompression-MultidatasetTraining-Multibackbone,test,,Magic number,test,95,/Volumes/BrokeExt/NICHE/SpursLipu_YOLOv3-ModelCompression-MultidatasetTraining-Multibackbone/test.py,Magic number 256.0 used in test.
SpursLipu_YOLOv3-ModelCompression-MultidatasetTraining-Multibackbone,test,,Magic number,test,97,/Volumes/BrokeExt/NICHE/SpursLipu_YOLOv3-ModelCompression-MultidatasetTraining-Multibackbone/test.py,Magic number 16 used in test.
SpursLipu_YOLOv3-ModelCompression-MultidatasetTraining-Multibackbone,test,,Magic number,test,93,/Volumes/BrokeExt/NICHE/SpursLipu_YOLOv3-ModelCompression-MultidatasetTraining-Multibackbone/test.py,Magic number 2 used in test.
SpursLipu_YOLOv3-ModelCompression-MultidatasetTraining-Multibackbone,test,,Magic number,test,149,/Volumes/BrokeExt/NICHE/SpursLipu_YOLOv3-ModelCompression-MultidatasetTraining-Multibackbone/test.py,Magic number 2 used in test.
SpursLipu_YOLOv3-ModelCompression-MultidatasetTraining-Multibackbone,test,,Magic number,test,98,/Volumes/BrokeExt/NICHE/SpursLipu_YOLOv3-ModelCompression-MultidatasetTraining-Multibackbone/test.py,Magic number 2 used in test.
SpursLipu_YOLOv3-ModelCompression-MultidatasetTraining-Multibackbone,test,,Magic number,test,98,/Volumes/BrokeExt/NICHE/SpursLipu_YOLOv3-ModelCompression-MultidatasetTraining-Multibackbone/test.py,Magic number 14 used in test.
SpursLipu_YOLOv3-ModelCompression-MultidatasetTraining-Multibackbone,test,,Magic number,test,101,/Volumes/BrokeExt/NICHE/SpursLipu_YOLOv3-ModelCompression-MultidatasetTraining-Multibackbone/test.py,Magic number 2 used in test.
SpursLipu_YOLOv3-ModelCompression-MultidatasetTraining-Multibackbone,test,,Magic number,test,101,/Volumes/BrokeExt/NICHE/SpursLipu_YOLOv3-ModelCompression-MultidatasetTraining-Multibackbone/test.py,Magic number 14 used in test.
SpursLipu_YOLOv3-ModelCompression-MultidatasetTraining-Multibackbone,test,,Magic number,test,116,/Volumes/BrokeExt/NICHE/SpursLipu_YOLOv3-ModelCompression-MultidatasetTraining-Multibackbone/test.py,Magic number 3 used in test.
SpursLipu_YOLOv3-ModelCompression-MultidatasetTraining-Multibackbone,test,,Magic number,test,149,/Volumes/BrokeExt/NICHE/SpursLipu_YOLOv3-ModelCompression-MultidatasetTraining-Multibackbone/test.py,Magic number 2 used in test.
SpursLipu_YOLOv3-ModelCompression-MultidatasetTraining-Multibackbone,test,,Magic number,test,149,/Volumes/BrokeExt/NICHE/SpursLipu_YOLOv3-ModelCompression-MultidatasetTraining-Multibackbone/test.py,Magic number 2 used in test.
SpursLipu_YOLOv3-ModelCompression-MultidatasetTraining-Multibackbone,train,,Long Lambda Function,train,201,/Volumes/BrokeExt/NICHE/SpursLipu_YOLOv3-ModelCompression-MultidatasetTraining-Multibackbone/train.py,A Lambda with 85 chars in train exceeds the maximum length of 80 characters.
SpursLipu_YOLOv3-ModelCompression-MultidatasetTraining-Multibackbone,train,,Complex method,train,56 - 595,/Volumes/BrokeExt/NICHE/SpursLipu_YOLOv3-ModelCompression-MultidatasetTraining-Multibackbone/train.py,"Method 'train' has a cyclomatic complexity of 118, exceeding the max of 6."
SpursLipu_YOLOv3-ModelCompression-MultidatasetTraining-Multibackbone,train,,Long method,train,56 - 595,/Volumes/BrokeExt/NICHE/SpursLipu_YOLOv3-ModelCompression-MultidatasetTraining-Multibackbone/train.py,Method 'train' is too long (485 lines).
SpursLipu_YOLOv3-ModelCompression-MultidatasetTraining-Multibackbone,train,,Long statement,train,111,/Volumes/BrokeExt/NICHE/SpursLipu_YOLOv3-ModelCompression-MultidatasetTraining-Multibackbone/train.py,A line with 195 chars in train exceeds the maximum length of 120 characters.
SpursLipu_YOLOv3-ModelCompression-MultidatasetTraining-Multibackbone,train,,Long statement,train,226,/Volumes/BrokeExt/NICHE/SpursLipu_YOLOv3-ModelCompression-MultidatasetTraining-Multibackbone/train.py,A line with 192 chars in train exceeds the maximum length of 120 characters.
SpursLipu_YOLOv3-ModelCompression-MultidatasetTraining-Multibackbone,train,,Long statement,train,234,/Volumes/BrokeExt/NICHE/SpursLipu_YOLOv3-ModelCompression-MultidatasetTraining-Multibackbone/train.py,A line with 182 chars in train exceeds the maximum length of 120 characters.
SpursLipu_YOLOv3-ModelCompression-MultidatasetTraining-Multibackbone,train,,Long statement,train,273,/Volumes/BrokeExt/NICHE/SpursLipu_YOLOv3-ModelCompression-MultidatasetTraining-Multibackbone/train.py,A line with 290 chars in train exceeds the maximum length of 120 characters.
SpursLipu_YOLOv3-ModelCompression-MultidatasetTraining-Multibackbone,train,,Long statement,train,282,/Volumes/BrokeExt/NICHE/SpursLipu_YOLOv3-ModelCompression-MultidatasetTraining-Multibackbone/train.py,A line with 308 chars in train exceeds the maximum length of 120 characters.
SpursLipu_YOLOv3-ModelCompression-MultidatasetTraining-Multibackbone,train,,Long statement,train,507,/Volumes/BrokeExt/NICHE/SpursLipu_YOLOv3-ModelCompression-MultidatasetTraining-Multibackbone/train.py,A line with 365 chars in train exceeds the maximum length of 120 characters.
SpursLipu_YOLOv3-ModelCompression-MultidatasetTraining-Multibackbone,train,,Long statement,train,532,/Volumes/BrokeExt/NICHE/SpursLipu_YOLOv3-ModelCompression-MultidatasetTraining-Multibackbone/train.py,A line with 183 chars in train exceeds the maximum length of 120 characters.
SpursLipu_YOLOv3-ModelCompression-MultidatasetTraining-Multibackbone,train,,Long statement,,625,/Volumes/BrokeExt/NICHE/SpursLipu_YOLOv3-ModelCompression-MultidatasetTraining-Multibackbone/train.py,A line with 125 chars in train exceeds the maximum length of 120 characters.
SpursLipu_YOLOv3-ModelCompression-MultidatasetTraining-Multibackbone,train,,Magic number,train,69,/Volumes/BrokeExt/NICHE/SpursLipu_YOLOv3-ModelCompression-MultidatasetTraining-Multibackbone/train.py,Magic number 32 used in train.
SpursLipu_YOLOv3-ModelCompression-MultidatasetTraining-Multibackbone,train,,Magic number,train,87,/Volumes/BrokeExt/NICHE/SpursLipu_YOLOv3-ModelCompression-MultidatasetTraining-Multibackbone/train.py,Magic number 80 used in train.
SpursLipu_YOLOv3-ModelCompression-MultidatasetTraining-Multibackbone,train,,Magic number,train,121,/Volumes/BrokeExt/NICHE/SpursLipu_YOLOv3-ModelCompression-MultidatasetTraining-Multibackbone/train.py,Magic number 2 used in train.
SpursLipu_YOLOv3-ModelCompression-MultidatasetTraining-Multibackbone,train,,Magic number,train,145,/Volumes/BrokeExt/NICHE/SpursLipu_YOLOv3-ModelCompression-MultidatasetTraining-Multibackbone/train.py,Magic number 2 used in train.
SpursLipu_YOLOv3-ModelCompression-MultidatasetTraining-Multibackbone,train,,Magic number,train,75,/Volumes/BrokeExt/NICHE/SpursLipu_YOLOv3-ModelCompression-MultidatasetTraining-Multibackbone/train.py,Magic number 1.5 used in train.
SpursLipu_YOLOv3-ModelCompression-MultidatasetTraining-Multibackbone,train,,Magic number,train,76,/Volumes/BrokeExt/NICHE/SpursLipu_YOLOv3-ModelCompression-MultidatasetTraining-Multibackbone/train.py,Magic number 0.667 used in train.
SpursLipu_YOLOv3-ModelCompression-MultidatasetTraining-Multibackbone,train,,Magic number,train,138,/Volumes/BrokeExt/NICHE/SpursLipu_YOLOv3-ModelCompression-MultidatasetTraining-Multibackbone/train.py,Magic number 2 used in train.
SpursLipu_YOLOv3-ModelCompression-MultidatasetTraining-Multibackbone,train,,Magic number,train,201,/Volumes/BrokeExt/NICHE/SpursLipu_YOLOv3-ModelCompression-MultidatasetTraining-Multibackbone/train.py,Magic number 0.05 used in train.
SpursLipu_YOLOv3-ModelCompression-MultidatasetTraining-Multibackbone,train,,Magic number,train,437,/Volumes/BrokeExt/NICHE/SpursLipu_YOLOv3-ModelCompression-MultidatasetTraining-Multibackbone/train.py,Magic number 64 used in train.
SpursLipu_YOLOv3-ModelCompression-MultidatasetTraining-Multibackbone,train,,Magic number,train,201,/Volumes/BrokeExt/NICHE/SpursLipu_YOLOv3-ModelCompression-MultidatasetTraining-Multibackbone/train.py,Magic number 0.95 used in train.
SpursLipu_YOLOv3-ModelCompression-MultidatasetTraining-Multibackbone,train,,Magic number,train,250,/Volumes/BrokeExt/NICHE/SpursLipu_YOLOv3-ModelCompression-MultidatasetTraining-Multibackbone/train.py,Magic number 2 used in train.
SpursLipu_YOLOv3-ModelCompression-MultidatasetTraining-Multibackbone,train,,Magic number,train,263,/Volumes/BrokeExt/NICHE/SpursLipu_YOLOv3-ModelCompression-MultidatasetTraining-Multibackbone/train.py,Magic number 2 used in train.
SpursLipu_YOLOv3-ModelCompression-MultidatasetTraining-Multibackbone,train,,Magic number,train,335,/Volumes/BrokeExt/NICHE/SpursLipu_YOLOv3-ModelCompression-MultidatasetTraining-Multibackbone/train.py,Magic number 2 used in train.
SpursLipu_YOLOv3-ModelCompression-MultidatasetTraining-Multibackbone,train,,Magic number,train,345,/Volumes/BrokeExt/NICHE/SpursLipu_YOLOv3-ModelCompression-MultidatasetTraining-Multibackbone/train.py,Magic number 256.0 used in train.
SpursLipu_YOLOv3-ModelCompression-MultidatasetTraining-Multibackbone,train,,Magic number,train,348,/Volumes/BrokeExt/NICHE/SpursLipu_YOLOv3-ModelCompression-MultidatasetTraining-Multibackbone/train.py,Magic number 256.0 used in train.
SpursLipu_YOLOv3-ModelCompression-MultidatasetTraining-Multibackbone,train,,Magic number,train,350,/Volumes/BrokeExt/NICHE/SpursLipu_YOLOv3-ModelCompression-MultidatasetTraining-Multibackbone/train.py,Magic number 16 used in train.
SpursLipu_YOLOv3-ModelCompression-MultidatasetTraining-Multibackbone,train,,Magic number,train,506,/Volumes/BrokeExt/NICHE/SpursLipu_YOLOv3-ModelCompression-MultidatasetTraining-Multibackbone/train.py,Magic number 80 used in train.
SpursLipu_YOLOv3-ModelCompression-MultidatasetTraining-Multibackbone,train,,Magic number,train,130,/Volumes/BrokeExt/NICHE/SpursLipu_YOLOv3-ModelCompression-MultidatasetTraining-Multibackbone/train.py,Magic number 2 used in train.
SpursLipu_YOLOv3-ModelCompression-MultidatasetTraining-Multibackbone,train,,Magic number,train,346,/Volumes/BrokeExt/NICHE/SpursLipu_YOLOv3-ModelCompression-MultidatasetTraining-Multibackbone/train.py,Magic number 2 used in train.
SpursLipu_YOLOv3-ModelCompression-MultidatasetTraining-Multibackbone,train,,Magic number,train,463,/Volumes/BrokeExt/NICHE/SpursLipu_YOLOv3-ModelCompression-MultidatasetTraining-Multibackbone/train.py,Magic number 1000000000.0 used in train.
SpursLipu_YOLOv3-ModelCompression-MultidatasetTraining-Multibackbone,train,,Magic number,train,464,/Volumes/BrokeExt/NICHE/SpursLipu_YOLOv3-ModelCompression-MultidatasetTraining-Multibackbone/train.py,Magic number 2 used in train.
SpursLipu_YOLOv3-ModelCompression-MultidatasetTraining-Multibackbone,train,,Magic number,train,464,/Volumes/BrokeExt/NICHE/SpursLipu_YOLOv3-ModelCompression-MultidatasetTraining-Multibackbone/train.py,Magic number 6 used in train.
SpursLipu_YOLOv3-ModelCompression-MultidatasetTraining-Multibackbone,train,,Magic number,train,201,/Volumes/BrokeExt/NICHE/SpursLipu_YOLOv3-ModelCompression-MultidatasetTraining-Multibackbone/train.py,Magic number 2 used in train.
SpursLipu_YOLOv3-ModelCompression-MultidatasetTraining-Multibackbone,train,,Magic number,train,351,/Volumes/BrokeExt/NICHE/SpursLipu_YOLOv3-ModelCompression-MultidatasetTraining-Multibackbone/train.py,Magic number 2 used in train.
SpursLipu_YOLOv3-ModelCompression-MultidatasetTraining-Multibackbone,train,,Magic number,train,351,/Volumes/BrokeExt/NICHE/SpursLipu_YOLOv3-ModelCompression-MultidatasetTraining-Multibackbone/train.py,Magic number 14 used in train.
SpursLipu_YOLOv3-ModelCompression-MultidatasetTraining-Multibackbone,train,,Magic number,train,354,/Volumes/BrokeExt/NICHE/SpursLipu_YOLOv3-ModelCompression-MultidatasetTraining-Multibackbone/train.py,Magic number 2 used in train.
SpursLipu_YOLOv3-ModelCompression-MultidatasetTraining-Multibackbone,train,,Magic number,train,354,/Volumes/BrokeExt/NICHE/SpursLipu_YOLOv3-ModelCompression-MultidatasetTraining-Multibackbone/train.py,Magic number 14 used in train.
SpursLipu_YOLOv3-ModelCompression-MultidatasetTraining-Multibackbone,train,,Magic number,train,422,/Volumes/BrokeExt/NICHE/SpursLipu_YOLOv3-ModelCompression-MultidatasetTraining-Multibackbone/train.py,Magic number 2 used in train.
SpursLipu_YOLOv3-ModelCompression-MultidatasetTraining-Multibackbone,train,,Magic number,train,393,/Volumes/BrokeExt/NICHE/SpursLipu_YOLOv3-ModelCompression-MultidatasetTraining-Multibackbone/train.py,Magic number 2 used in train.
SpursLipu_YOLOv3-ModelCompression-MultidatasetTraining-Multibackbone,train,,Magic number,train,424,/Volumes/BrokeExt/NICHE/SpursLipu_YOLOv3-ModelCompression-MultidatasetTraining-Multibackbone/train.py,Magic number 3 used in train.
SpursLipu_YOLOv3-ModelCompression-MultidatasetTraining-Multibackbone,train,,Magic number,train,373,/Volumes/BrokeExt/NICHE/SpursLipu_YOLOv3-ModelCompression-MultidatasetTraining-Multibackbone/train.py,Magic number 2 used in train.
SpursLipu_YOLOv3-ModelCompression-MultidatasetTraining-Multibackbone,train,,Magic number,train,395,/Volumes/BrokeExt/NICHE/SpursLipu_YOLOv3-ModelCompression-MultidatasetTraining-Multibackbone/train.py,Magic number 3 used in train.
SpursLipu_YOLOv3-ModelCompression-MultidatasetTraining-Multibackbone,train,,Magic number,train,426,/Volumes/BrokeExt/NICHE/SpursLipu_YOLOv3-ModelCompression-MultidatasetTraining-Multibackbone/train.py,Magic number 4 used in train.
SpursLipu_YOLOv3-ModelCompression-MultidatasetTraining-Multibackbone,train,,Magic number,train,397,/Volumes/BrokeExt/NICHE/SpursLipu_YOLOv3-ModelCompression-MultidatasetTraining-Multibackbone/train.py,Magic number 4 used in train.
SpursLipu_YOLOv3-ModelCompression-MultidatasetTraining-Multibackbone,train,,Magic number,train,429,/Volumes/BrokeExt/NICHE/SpursLipu_YOLOv3-ModelCompression-MultidatasetTraining-Multibackbone/train.py,Magic number 5 used in train.
SpursLipu_YOLOv3-ModelCompression-MultidatasetTraining-Multibackbone,train,,Magic number,train,400,/Volumes/BrokeExt/NICHE/SpursLipu_YOLOv3-ModelCompression-MultidatasetTraining-Multibackbone/train.py,Magic number 5 used in train.
SpursLipu_YOLOv3-ModelCompression-MultidatasetTraining-Multibackbone.utils,adabound,AdaBound,Complex method,__init__,26 - 44,/Volumes/BrokeExt/NICHE/SpursLipu_YOLOv3-ModelCompression-MultidatasetTraining-Multibackbone/utils/adabound.py,"Method '__init__' has a cyclomatic complexity of 7, exceeding the max of 6."
SpursLipu_YOLOv3-ModelCompression-MultidatasetTraining-Multibackbone.utils,adabound,AdaBound,Complex method,step,51 - 119,/Volumes/BrokeExt/NICHE/SpursLipu_YOLOv3-ModelCompression-MultidatasetTraining-Multibackbone/utils/adabound.py,"Method 'step' has a cyclomatic complexity of 11, exceeding the max of 6."
SpursLipu_YOLOv3-ModelCompression-MultidatasetTraining-Multibackbone.utils,adabound,AdaBoundW,Complex method,__init__,141 - 159,/Volumes/BrokeExt/NICHE/SpursLipu_YOLOv3-ModelCompression-MultidatasetTraining-Multibackbone/utils/adabound.py,"Method '__init__' has a cyclomatic complexity of 7, exceeding the max of 6."
SpursLipu_YOLOv3-ModelCompression-MultidatasetTraining-Multibackbone.utils,adabound,AdaBoundW,Complex method,step,166 - 236,/Volumes/BrokeExt/NICHE/SpursLipu_YOLOv3-ModelCompression-MultidatasetTraining-Multibackbone/utils/adabound.py,"Method 'step' has a cyclomatic complexity of 11, exceeding the max of 6."
SpursLipu_YOLOv3-ModelCompression-MultidatasetTraining-Multibackbone.utils,adabound,AdaBound,Long method,step,51 - 119,/Volumes/BrokeExt/NICHE/SpursLipu_YOLOv3-ModelCompression-MultidatasetTraining-Multibackbone/utils/adabound.py,Method 'step' is too long (63 lines).
SpursLipu_YOLOv3-ModelCompression-MultidatasetTraining-Multibackbone.utils,adabound,AdaBoundW,Long method,step,166 - 236,/Volumes/BrokeExt/NICHE/SpursLipu_YOLOv3-ModelCompression-MultidatasetTraining-Multibackbone/utils/adabound.py,Method 'step' is too long (65 lines).
SpursLipu_YOLOv3-ModelCompression-MultidatasetTraining-Multibackbone.utils,adabound,AdaBound,Long parameter list,__init__,26 - 44,/Volumes/BrokeExt/NICHE/SpursLipu_YOLOv3-ModelCompression-MultidatasetTraining-Multibackbone/utils/adabound.py,"__init__ has 8 parameters, exceeding the max of 5."
SpursLipu_YOLOv3-ModelCompression-MultidatasetTraining-Multibackbone.utils,adabound,AdaBoundW,Long parameter list,__init__,141 - 159,/Volumes/BrokeExt/NICHE/SpursLipu_YOLOv3-ModelCompression-MultidatasetTraining-Multibackbone/utils/adabound.py,"__init__ has 8 parameters, exceeding the max of 5."
SpursLipu_YOLOv3-ModelCompression-MultidatasetTraining-Multibackbone.utils,adabound,AdaBound,Long statement,__init__,40,/Volumes/BrokeExt/NICHE/SpursLipu_YOLOv3-ModelCompression-MultidatasetTraining-Multibackbone/utils/adabound.py,A line with 122 chars in __init__ exceeds the maximum length of 120 characters.
SpursLipu_YOLOv3-ModelCompression-MultidatasetTraining-Multibackbone.utils,adabound,AdaBound,Long statement,step,52,/Volumes/BrokeExt/NICHE/SpursLipu_YOLOv3-ModelCompression-MultidatasetTraining-Multibackbone/utils/adabound.py,A line with 187 chars in step exceeds the maximum length of 120 characters.
SpursLipu_YOLOv3-ModelCompression-MultidatasetTraining-Multibackbone.utils,adabound,AdaBoundW,Long statement,__init__,155,/Volumes/BrokeExt/NICHE/SpursLipu_YOLOv3-ModelCompression-MultidatasetTraining-Multibackbone/utils/adabound.py,A line with 122 chars in __init__ exceeds the maximum length of 120 characters.
SpursLipu_YOLOv3-ModelCompression-MultidatasetTraining-Multibackbone.utils,adabound,AdaBoundW,Long statement,step,167,/Volumes/BrokeExt/NICHE/SpursLipu_YOLOv3-ModelCompression-MultidatasetTraining-Multibackbone/utils/adabound.py,A line with 187 chars in step exceeds the maximum length of 120 characters.
SpursLipu_YOLOv3-ModelCompression-MultidatasetTraining-Multibackbone.utils,adabound,AdaBound,Magic number,__init__,26,/Volumes/BrokeExt/NICHE/SpursLipu_YOLOv3-ModelCompression-MultidatasetTraining-Multibackbone/utils/adabound.py,Magic number 0.001 used in __init__.
SpursLipu_YOLOv3-ModelCompression-MultidatasetTraining-Multibackbone.utils,adabound,AdaBound,Magic number,__init__,26,/Volumes/BrokeExt/NICHE/SpursLipu_YOLOv3-ModelCompression-MultidatasetTraining-Multibackbone/utils/adabound.py,Magic number 0.1 used in __init__.
SpursLipu_YOLOv3-ModelCompression-MultidatasetTraining-Multibackbone.utils,adabound,AdaBound,Magic number,__init__,26,/Volumes/BrokeExt/NICHE/SpursLipu_YOLOv3-ModelCompression-MultidatasetTraining-Multibackbone/utils/adabound.py,Magic number 0.001 used in __init__.
SpursLipu_YOLOv3-ModelCompression-MultidatasetTraining-Multibackbone.utils,adabound,AdaBound,Magic number,__init__,27,/Volumes/BrokeExt/NICHE/SpursLipu_YOLOv3-ModelCompression-MultidatasetTraining-Multibackbone/utils/adabound.py,Magic number 1e-08 used in __init__.
SpursLipu_YOLOv3-ModelCompression-MultidatasetTraining-Multibackbone.utils,adabound,AdaBound,Magic number,__init__,26,/Volumes/BrokeExt/NICHE/SpursLipu_YOLOv3-ModelCompression-MultidatasetTraining-Multibackbone/utils/adabound.py,Magic number 0.9 used in __init__.
SpursLipu_YOLOv3-ModelCompression-MultidatasetTraining-Multibackbone.utils,adabound,AdaBound,Magic number,__init__,26,/Volumes/BrokeExt/NICHE/SpursLipu_YOLOv3-ModelCompression-MultidatasetTraining-Multibackbone/utils/adabound.py,Magic number 0.999 used in __init__.
SpursLipu_YOLOv3-ModelCompression-MultidatasetTraining-Multibackbone.utils,adabound,AdaBoundW,Magic number,__init__,141,/Volumes/BrokeExt/NICHE/SpursLipu_YOLOv3-ModelCompression-MultidatasetTraining-Multibackbone/utils/adabound.py,Magic number 0.001 used in __init__.
SpursLipu_YOLOv3-ModelCompression-MultidatasetTraining-Multibackbone.utils,adabound,AdaBoundW,Magic number,__init__,141,/Volumes/BrokeExt/NICHE/SpursLipu_YOLOv3-ModelCompression-MultidatasetTraining-Multibackbone/utils/adabound.py,Magic number 0.1 used in __init__.
SpursLipu_YOLOv3-ModelCompression-MultidatasetTraining-Multibackbone.utils,adabound,AdaBoundW,Magic number,__init__,141,/Volumes/BrokeExt/NICHE/SpursLipu_YOLOv3-ModelCompression-MultidatasetTraining-Multibackbone/utils/adabound.py,Magic number 0.001 used in __init__.
SpursLipu_YOLOv3-ModelCompression-MultidatasetTraining-Multibackbone.utils,adabound,AdaBoundW,Magic number,__init__,142,/Volumes/BrokeExt/NICHE/SpursLipu_YOLOv3-ModelCompression-MultidatasetTraining-Multibackbone/utils/adabound.py,Magic number 1e-08 used in __init__.
SpursLipu_YOLOv3-ModelCompression-MultidatasetTraining-Multibackbone.utils,adabound,AdaBoundW,Magic number,__init__,141,/Volumes/BrokeExt/NICHE/SpursLipu_YOLOv3-ModelCompression-MultidatasetTraining-Multibackbone/utils/adabound.py,Magic number 0.9 used in __init__.
SpursLipu_YOLOv3-ModelCompression-MultidatasetTraining-Multibackbone.utils,adabound,AdaBoundW,Magic number,__init__,141,/Volumes/BrokeExt/NICHE/SpursLipu_YOLOv3-ModelCompression-MultidatasetTraining-Multibackbone/utils/adabound.py,Magic number 0.999 used in __init__.
SpursLipu_YOLOv3-ModelCompression-MultidatasetTraining-Multibackbone.utils,datasets,,Complex method,load_image,511 - 531,/Volumes/BrokeExt/NICHE/SpursLipu_YOLOv3-ModelCompression-MultidatasetTraining-Multibackbone/utils/datasets.py,"Method 'load_image' has a cyclomatic complexity of 7, exceeding the max of 6."
SpursLipu_YOLOv3-ModelCompression-MultidatasetTraining-Multibackbone.utils,datasets,,Complex method,load_mosaic,553 - 608,/Volumes/BrokeExt/NICHE/SpursLipu_YOLOv3-ModelCompression-MultidatasetTraining-Multibackbone/utils/datasets.py,"Method 'load_mosaic' has a cyclomatic complexity of 8, exceeding the max of 6."
SpursLipu_YOLOv3-ModelCompression-MultidatasetTraining-Multibackbone.utils,datasets,,Complex method,letterbox,611 - 646,/Volumes/BrokeExt/NICHE/SpursLipu_YOLOv3-ModelCompression-MultidatasetTraining-Multibackbone/utils/datasets.py,"Method 'letterbox' has a cyclomatic complexity of 8, exceeding the max of 6."
SpursLipu_YOLOv3-ModelCompression-MultidatasetTraining-Multibackbone.utils,datasets,,Complex method,recursive_dataset2bmp,1032 - 1049,/Volumes/BrokeExt/NICHE/SpursLipu_YOLOv3-ModelCompression-MultidatasetTraining-Multibackbone/utils/datasets.py,"Method 'recursive_dataset2bmp' has a cyclomatic complexity of 7, exceeding the max of 6."
SpursLipu_YOLOv3-ModelCompression-MultidatasetTraining-Multibackbone.utils,datasets,LoadImages,Complex method,__next__,73 - 116,/Volumes/BrokeExt/NICHE/SpursLipu_YOLOv3-ModelCompression-MultidatasetTraining-Multibackbone/utils/datasets.py,"Method '__next__' has a cyclomatic complexity of 7, exceeding the max of 6."
SpursLipu_YOLOv3-ModelCompression-MultidatasetTraining-Multibackbone.utils,datasets,LoadImagesAndLabels,Complex method,__init__,266 - 408,/Volumes/BrokeExt/NICHE/SpursLipu_YOLOv3-ModelCompression-MultidatasetTraining-Multibackbone/utils/datasets.py,"Method '__init__' has a cyclomatic complexity of 24, exceeding the max of 6."
SpursLipu_YOLOv3-ModelCompression-MultidatasetTraining-Multibackbone.utils,datasets,LoadImagesAndLabels,Complex method,__getitem__,419 - 501,/Volumes/BrokeExt/NICHE/SpursLipu_YOLOv3-ModelCompression-MultidatasetTraining-Multibackbone/utils/datasets.py,"Method '__getitem__' has a cyclomatic complexity of 18, exceeding the max of 6."
SpursLipu_YOLOv3-ModelCompression-MultidatasetTraining-Multibackbone.utils,datasets,,Empty catch block,exif_size,37,/Volumes/BrokeExt/NICHE/SpursLipu_YOLOv3-ModelCompression-MultidatasetTraining-Multibackbone/utils/datasets.py,Empty catch block found in exif_size.
SpursLipu_YOLOv3-ModelCompression-MultidatasetTraining-Multibackbone.utils,datasets,,Long method,load_mosaic,553 - 608,/Volumes/BrokeExt/NICHE/SpursLipu_YOLOv3-ModelCompression-MultidatasetTraining-Multibackbone/utils/datasets.py,Method 'load_mosaic' is too long (48 lines).
SpursLipu_YOLOv3-ModelCompression-MultidatasetTraining-Multibackbone.utils,datasets,,Long method,random_affine,649 - 715,/Volumes/BrokeExt/NICHE/SpursLipu_YOLOv3-ModelCompression-MultidatasetTraining-Multibackbone/utils/datasets.py,Method 'random_affine' is too long (52 lines).
SpursLipu_YOLOv3-ModelCompression-MultidatasetTraining-Multibackbone.utils,datasets,LoadImagesAndLabels,Long method,__init__,266 - 408,/Volumes/BrokeExt/NICHE/SpursLipu_YOLOv3-ModelCompression-MultidatasetTraining-Multibackbone/utils/datasets.py,Method '__init__' is too long (131 lines).
SpursLipu_YOLOv3-ModelCompression-MultidatasetTraining-Multibackbone.utils,datasets,LoadImagesAndLabels,Long method,__getitem__,419 - 501,/Volumes/BrokeExt/NICHE/SpursLipu_YOLOv3-ModelCompression-MultidatasetTraining-Multibackbone/utils/datasets.py,Method '__getitem__' is too long (71 lines).
SpursLipu_YOLOv3-ModelCompression-MultidatasetTraining-Multibackbone.utils,datasets,FenceMask,Long method,__init__,832 - 879,/Volumes/BrokeExt/NICHE/SpursLipu_YOLOv3-ModelCompression-MultidatasetTraining-Multibackbone/utils/datasets.py,Method '__init__' is too long (48 lines).
SpursLipu_YOLOv3-ModelCompression-MultidatasetTraining-Multibackbone.utils,datasets,,Long parameter list,letterbox,611 - 646,/Volumes/BrokeExt/NICHE/SpursLipu_YOLOv3-ModelCompression-MultidatasetTraining-Multibackbone/utils/datasets.py,"letterbox has 7 parameters, exceeding the max of 5."
SpursLipu_YOLOv3-ModelCompression-MultidatasetTraining-Multibackbone.utils,datasets,,Long parameter list,random_affine,649 - 715,/Volumes/BrokeExt/NICHE/SpursLipu_YOLOv3-ModelCompression-MultidatasetTraining-Multibackbone/utils/datasets.py,"random_affine has 7 parameters, exceeding the max of 5."
SpursLipu_YOLOv3-ModelCompression-MultidatasetTraining-Multibackbone.utils,datasets,LoadImagesAndLabels,Long parameter list,__init__,266 - 408,/Volumes/BrokeExt/NICHE/SpursLipu_YOLOv3-ModelCompression-MultidatasetTraining-Multibackbone/utils/datasets.py,"__init__ has 11 parameters, exceeding the max of 5."
SpursLipu_YOLOv3-ModelCompression-MultidatasetTraining-Multibackbone.utils,datasets,Grid,Long parameter list,__init__,908 - 914,/Volumes/BrokeExt/NICHE/SpursLipu_YOLOv3-ModelCompression-MultidatasetTraining-Multibackbone/utils/datasets.py,"__init__ has 6 parameters, exceeding the max of 5."
SpursLipu_YOLOv3-ModelCompression-MultidatasetTraining-Multibackbone.utils,datasets,GridMask,Long parameter list,__init__,969 - 975,/Volumes/BrokeExt/NICHE/SpursLipu_YOLOv3-ModelCompression-MultidatasetTraining-Multibackbone/utils/datasets.py,"__init__ has 6 parameters, exceeding the max of 5."
SpursLipu_YOLOv3-ModelCompression-MultidatasetTraining-Multibackbone.utils,datasets,,Long statement,load_mosaic,601,/Volumes/BrokeExt/NICHE/SpursLipu_YOLOv3-ModelCompression-MultidatasetTraining-Multibackbone/utils/datasets.py,A line with 179 chars in load_mosaic exceeds the maximum length of 120 characters.
SpursLipu_YOLOv3-ModelCompression-MultidatasetTraining-Multibackbone.utils,datasets,,Long statement,cutout,733,/Volumes/BrokeExt/NICHE/SpursLipu_YOLOv3-ModelCompression-MultidatasetTraining-Multibackbone/utils/datasets.py,A line with 140 chars in cutout exceeds the maximum length of 120 characters.
SpursLipu_YOLOv3-ModelCompression-MultidatasetTraining-Multibackbone.utils,datasets,LoadImagesAndLabels,Long statement,__init__,271,/Volumes/BrokeExt/NICHE/SpursLipu_YOLOv3-ModelCompression-MultidatasetTraining-Multibackbone/utils/datasets.py,A line with 127 chars in __init__ exceeds the maximum length of 120 characters.
SpursLipu_YOLOv3-ModelCompression-MultidatasetTraining-Multibackbone.utils,datasets,LoadImagesAndLabels,Long statement,__getitem__,452,/Volumes/BrokeExt/NICHE/SpursLipu_YOLOv3-ModelCompression-MultidatasetTraining-Multibackbone/utils/datasets.py,A line with 134 chars in __getitem__ exceeds the maximum length of 120 characters.
SpursLipu_YOLOv3-ModelCompression-MultidatasetTraining-Multibackbone.utils,datasets,,Magic number,exif_size,33,/Volumes/BrokeExt/NICHE/SpursLipu_YOLOv3-ModelCompression-MultidatasetTraining-Multibackbone/utils/datasets.py,Magic number 6 used in exif_size.
SpursLipu_YOLOv3-ModelCompression-MultidatasetTraining-Multibackbone.utils,datasets,,Magic number,exif_size,35,/Volumes/BrokeExt/NICHE/SpursLipu_YOLOv3-ModelCompression-MultidatasetTraining-Multibackbone/utils/datasets.py,Magic number 8 used in exif_size.
SpursLipu_YOLOv3-ModelCompression-MultidatasetTraining-Multibackbone.utils,datasets,,Magic number,load_image,522,/Volumes/BrokeExt/NICHE/SpursLipu_YOLOv3-ModelCompression-MultidatasetTraining-Multibackbone/utils/datasets.py,Magic number 2 used in load_image.
SpursLipu_YOLOv3-ModelCompression-MultidatasetTraining-Multibackbone.utils,datasets,,Magic number,load_image,529,/Volumes/BrokeExt/NICHE/SpursLipu_YOLOv3-ModelCompression-MultidatasetTraining-Multibackbone/utils/datasets.py,Magic number 2 used in load_image.
SpursLipu_YOLOv3-ModelCompression-MultidatasetTraining-Multibackbone.utils,datasets,,Magic number,augment_hsv,534,/Volumes/BrokeExt/NICHE/SpursLipu_YOLOv3-ModelCompression-MultidatasetTraining-Multibackbone/utils/datasets.py,Magic number 0.5 used in augment_hsv.
SpursLipu_YOLOv3-ModelCompression-MultidatasetTraining-Multibackbone.utils,datasets,,Magic number,augment_hsv,534,/Volumes/BrokeExt/NICHE/SpursLipu_YOLOv3-ModelCompression-MultidatasetTraining-Multibackbone/utils/datasets.py,Magic number 0.5 used in augment_hsv.
SpursLipu_YOLOv3-ModelCompression-MultidatasetTraining-Multibackbone.utils,datasets,,Magic number,augment_hsv,534,/Volumes/BrokeExt/NICHE/SpursLipu_YOLOv3-ModelCompression-MultidatasetTraining-Multibackbone/utils/datasets.py,Magic number 0.5 used in augment_hsv.
SpursLipu_YOLOv3-ModelCompression-MultidatasetTraining-Multibackbone.utils,datasets,,Magic number,load_mosaic,572,/Volumes/BrokeExt/NICHE/SpursLipu_YOLOv3-ModelCompression-MultidatasetTraining-Multibackbone/utils/datasets.py,Magic number 2 used in load_mosaic.
SpursLipu_YOLOv3-ModelCompression-MultidatasetTraining-Multibackbone.utils,datasets,,Magic number,load_mosaic,588,/Volumes/BrokeExt/NICHE/SpursLipu_YOLOv3-ModelCompression-MultidatasetTraining-Multibackbone/utils/datasets.py,Magic number 2 used in load_mosaic.
SpursLipu_YOLOv3-ModelCompression-MultidatasetTraining-Multibackbone.utils,datasets,,Magic number,load_mosaic,589,/Volumes/BrokeExt/NICHE/SpursLipu_YOLOv3-ModelCompression-MultidatasetTraining-Multibackbone/utils/datasets.py,Magic number 3 used in load_mosaic.
SpursLipu_YOLOv3-ModelCompression-MultidatasetTraining-Multibackbone.utils,datasets,,Magic number,load_mosaic,590,/Volumes/BrokeExt/NICHE/SpursLipu_YOLOv3-ModelCompression-MultidatasetTraining-Multibackbone/utils/datasets.py,Magic number 4 used in load_mosaic.
SpursLipu_YOLOv3-ModelCompression-MultidatasetTraining-Multibackbone.utils,datasets,,Magic number,load_mosaic,575,/Volumes/BrokeExt/NICHE/SpursLipu_YOLOv3-ModelCompression-MultidatasetTraining-Multibackbone/utils/datasets.py,Magic number 3 used in load_mosaic.
SpursLipu_YOLOv3-ModelCompression-MultidatasetTraining-Multibackbone.utils,datasets,,Magic number,load_mosaic,587,/Volumes/BrokeExt/NICHE/SpursLipu_YOLOv3-ModelCompression-MultidatasetTraining-Multibackbone/utils/datasets.py,Magic number 2 used in load_mosaic.
SpursLipu_YOLOv3-ModelCompression-MultidatasetTraining-Multibackbone.utils,datasets,,Magic number,load_mosaic,588,/Volumes/BrokeExt/NICHE/SpursLipu_YOLOv3-ModelCompression-MultidatasetTraining-Multibackbone/utils/datasets.py,Magic number 2 used in load_mosaic.
SpursLipu_YOLOv3-ModelCompression-MultidatasetTraining-Multibackbone.utils,datasets,,Magic number,load_mosaic,589,/Volumes/BrokeExt/NICHE/SpursLipu_YOLOv3-ModelCompression-MultidatasetTraining-Multibackbone/utils/datasets.py,Magic number 2 used in load_mosaic.
SpursLipu_YOLOv3-ModelCompression-MultidatasetTraining-Multibackbone.utils,datasets,,Magic number,load_mosaic,590,/Volumes/BrokeExt/NICHE/SpursLipu_YOLOv3-ModelCompression-MultidatasetTraining-Multibackbone/utils/datasets.py,Magic number 2 used in load_mosaic.
SpursLipu_YOLOv3-ModelCompression-MultidatasetTraining-Multibackbone.utils,datasets,,Magic number,load_mosaic,588,/Volumes/BrokeExt/NICHE/SpursLipu_YOLOv3-ModelCompression-MultidatasetTraining-Multibackbone/utils/datasets.py,Magic number 2 used in load_mosaic.
SpursLipu_YOLOv3-ModelCompression-MultidatasetTraining-Multibackbone.utils,datasets,,Magic number,load_mosaic,590,/Volumes/BrokeExt/NICHE/SpursLipu_YOLOv3-ModelCompression-MultidatasetTraining-Multibackbone/utils/datasets.py,Magic number 2 used in load_mosaic.
SpursLipu_YOLOv3-ModelCompression-MultidatasetTraining-Multibackbone.utils,datasets,,Magic number,load_mosaic,587,/Volumes/BrokeExt/NICHE/SpursLipu_YOLOv3-ModelCompression-MultidatasetTraining-Multibackbone/utils/datasets.py,Magic number 3 used in load_mosaic.
SpursLipu_YOLOv3-ModelCompression-MultidatasetTraining-Multibackbone.utils,datasets,,Magic number,load_mosaic,588,/Volumes/BrokeExt/NICHE/SpursLipu_YOLOv3-ModelCompression-MultidatasetTraining-Multibackbone/utils/datasets.py,Magic number 4 used in load_mosaic.
SpursLipu_YOLOv3-ModelCompression-MultidatasetTraining-Multibackbone.utils,datasets,,Magic number,load_mosaic,589,/Volumes/BrokeExt/NICHE/SpursLipu_YOLOv3-ModelCompression-MultidatasetTraining-Multibackbone/utils/datasets.py,Magic number 3 used in load_mosaic.
SpursLipu_YOLOv3-ModelCompression-MultidatasetTraining-Multibackbone.utils,datasets,,Magic number,load_mosaic,590,/Volumes/BrokeExt/NICHE/SpursLipu_YOLOv3-ModelCompression-MultidatasetTraining-Multibackbone/utils/datasets.py,Magic number 4 used in load_mosaic.
SpursLipu_YOLOv3-ModelCompression-MultidatasetTraining-Multibackbone.utils,datasets,,Magic number,letterbox,634,/Volumes/BrokeExt/NICHE/SpursLipu_YOLOv3-ModelCompression-MultidatasetTraining-Multibackbone/utils/datasets.py,Magic number 2 used in letterbox.
SpursLipu_YOLOv3-ModelCompression-MultidatasetTraining-Multibackbone.utils,datasets,,Magic number,letterbox,635,/Volumes/BrokeExt/NICHE/SpursLipu_YOLOv3-ModelCompression-MultidatasetTraining-Multibackbone/utils/datasets.py,Magic number 2 used in letterbox.
SpursLipu_YOLOv3-ModelCompression-MultidatasetTraining-Multibackbone.utils,datasets,,Magic number,letterbox,611,/Volumes/BrokeExt/NICHE/SpursLipu_YOLOv3-ModelCompression-MultidatasetTraining-Multibackbone/utils/datasets.py,Magic number 416 used in letterbox.
SpursLipu_YOLOv3-ModelCompression-MultidatasetTraining-Multibackbone.utils,datasets,,Magic number,letterbox,611,/Volumes/BrokeExt/NICHE/SpursLipu_YOLOv3-ModelCompression-MultidatasetTraining-Multibackbone/utils/datasets.py,Magic number 416 used in letterbox.
SpursLipu_YOLOv3-ModelCompression-MultidatasetTraining-Multibackbone.utils,datasets,,Magic number,letterbox,611,/Volumes/BrokeExt/NICHE/SpursLipu_YOLOv3-ModelCompression-MultidatasetTraining-Multibackbone/utils/datasets.py,Magic number 114 used in letterbox.
SpursLipu_YOLOv3-ModelCompression-MultidatasetTraining-Multibackbone.utils,datasets,,Magic number,letterbox,611,/Volumes/BrokeExt/NICHE/SpursLipu_YOLOv3-ModelCompression-MultidatasetTraining-Multibackbone/utils/datasets.py,Magic number 114 used in letterbox.
SpursLipu_YOLOv3-ModelCompression-MultidatasetTraining-Multibackbone.utils,datasets,,Magic number,letterbox,611,/Volumes/BrokeExt/NICHE/SpursLipu_YOLOv3-ModelCompression-MultidatasetTraining-Multibackbone/utils/datasets.py,Magic number 114 used in letterbox.
SpursLipu_YOLOv3-ModelCompression-MultidatasetTraining-Multibackbone.utils,datasets,,Magic number,letterbox,614,/Volumes/BrokeExt/NICHE/SpursLipu_YOLOv3-ModelCompression-MultidatasetTraining-Multibackbone/utils/datasets.py,Magic number 2 used in letterbox.
SpursLipu_YOLOv3-ModelCompression-MultidatasetTraining-Multibackbone.utils,datasets,,Magic number,random_affine,649,/Volumes/BrokeExt/NICHE/SpursLipu_YOLOv3-ModelCompression-MultidatasetTraining-Multibackbone/utils/datasets.py,Magic number 10 used in random_affine.
SpursLipu_YOLOv3-ModelCompression-MultidatasetTraining-Multibackbone.utils,datasets,,Magic number,random_affine,649,/Volumes/BrokeExt/NICHE/SpursLipu_YOLOv3-ModelCompression-MultidatasetTraining-Multibackbone/utils/datasets.py,Magic number 0.1 used in random_affine.
SpursLipu_YOLOv3-ModelCompression-MultidatasetTraining-Multibackbone.utils,datasets,,Magic number,random_affine,649,/Volumes/BrokeExt/NICHE/SpursLipu_YOLOv3-ModelCompression-MultidatasetTraining-Multibackbone/utils/datasets.py,Magic number 0.1 used in random_affine.
SpursLipu_YOLOv3-ModelCompression-MultidatasetTraining-Multibackbone.utils,datasets,,Magic number,random_affine,649,/Volumes/BrokeExt/NICHE/SpursLipu_YOLOv3-ModelCompression-MultidatasetTraining-Multibackbone/utils/datasets.py,Magic number 10 used in random_affine.
SpursLipu_YOLOv3-ModelCompression-MultidatasetTraining-Multibackbone.utils,datasets,,Magic number,random_affine,655,/Volumes/BrokeExt/NICHE/SpursLipu_YOLOv3-ModelCompression-MultidatasetTraining-Multibackbone/utils/datasets.py,Magic number 2 used in random_affine.
SpursLipu_YOLOv3-ModelCompression-MultidatasetTraining-Multibackbone.utils,datasets,,Magic number,random_affine,656,/Volumes/BrokeExt/NICHE/SpursLipu_YOLOv3-ModelCompression-MultidatasetTraining-Multibackbone/utils/datasets.py,Magic number 2 used in random_affine.
SpursLipu_YOLOv3-ModelCompression-MultidatasetTraining-Multibackbone.utils,datasets,,Magic number,random_affine,663,/Volumes/BrokeExt/NICHE/SpursLipu_YOLOv3-ModelCompression-MultidatasetTraining-Multibackbone/utils/datasets.py,Magic number 2 used in random_affine.
SpursLipu_YOLOv3-ModelCompression-MultidatasetTraining-Multibackbone.utils,datasets,,Magic number,random_affine,667,/Volumes/BrokeExt/NICHE/SpursLipu_YOLOv3-ModelCompression-MultidatasetTraining-Multibackbone/utils/datasets.py,Magic number 2 used in random_affine.
SpursLipu_YOLOv3-ModelCompression-MultidatasetTraining-Multibackbone.utils,datasets,,Magic number,random_affine,668,/Volumes/BrokeExt/NICHE/SpursLipu_YOLOv3-ModelCompression-MultidatasetTraining-Multibackbone/utils/datasets.py,Magic number 2 used in random_affine.
SpursLipu_YOLOv3-ModelCompression-MultidatasetTraining-Multibackbone.utils,datasets,,Magic number,random_affine,710,/Volumes/BrokeExt/NICHE/SpursLipu_YOLOv3-ModelCompression-MultidatasetTraining-Multibackbone/utils/datasets.py,Magic number 10 used in random_affine.
SpursLipu_YOLOv3-ModelCompression-MultidatasetTraining-Multibackbone.utils,datasets,,Magic number,random_affine,685,/Volumes/BrokeExt/NICHE/SpursLipu_YOLOv3-ModelCompression-MultidatasetTraining-Multibackbone/utils/datasets.py,Magic number 2 used in random_affine.
SpursLipu_YOLOv3-ModelCompression-MultidatasetTraining-Multibackbone.utils,datasets,,Magic number,random_affine,689,/Volumes/BrokeExt/NICHE/SpursLipu_YOLOv3-ModelCompression-MultidatasetTraining-Multibackbone/utils/datasets.py,Magic number 2 used in random_affine.
SpursLipu_YOLOv3-ModelCompression-MultidatasetTraining-Multibackbone.utils,datasets,,Magic number,random_affine,689,/Volumes/BrokeExt/NICHE/SpursLipu_YOLOv3-ModelCompression-MultidatasetTraining-Multibackbone/utils/datasets.py,Magic number 4 used in random_affine.
SpursLipu_YOLOv3-ModelCompression-MultidatasetTraining-Multibackbone.utils,datasets,,Magic number,random_affine,689,/Volumes/BrokeExt/NICHE/SpursLipu_YOLOv3-ModelCompression-MultidatasetTraining-Multibackbone/utils/datasets.py,Magic number 6 used in random_affine.
SpursLipu_YOLOv3-ModelCompression-MultidatasetTraining-Multibackbone.utils,datasets,,Magic number,random_affine,690,/Volumes/BrokeExt/NICHE/SpursLipu_YOLOv3-ModelCompression-MultidatasetTraining-Multibackbone/utils/datasets.py,Magic number 3 used in random_affine.
SpursLipu_YOLOv3-ModelCompression-MultidatasetTraining-Multibackbone.utils,datasets,,Magic number,random_affine,690,/Volumes/BrokeExt/NICHE/SpursLipu_YOLOv3-ModelCompression-MultidatasetTraining-Multibackbone/utils/datasets.py,Magic number 5 used in random_affine.
SpursLipu_YOLOv3-ModelCompression-MultidatasetTraining-Multibackbone.utils,datasets,,Magic number,random_affine,690,/Volumes/BrokeExt/NICHE/SpursLipu_YOLOv3-ModelCompression-MultidatasetTraining-Multibackbone/utils/datasets.py,Magic number 7 used in random_affine.
SpursLipu_YOLOv3-ModelCompression-MultidatasetTraining-Multibackbone.utils,datasets,,Magic number,random_affine,703,/Volumes/BrokeExt/NICHE/SpursLipu_YOLOv3-ModelCompression-MultidatasetTraining-Multibackbone/utils/datasets.py,Magic number 2 used in random_affine.
SpursLipu_YOLOv3-ModelCompression-MultidatasetTraining-Multibackbone.utils,datasets,,Magic number,random_affine,704,/Volumes/BrokeExt/NICHE/SpursLipu_YOLOv3-ModelCompression-MultidatasetTraining-Multibackbone/utils/datasets.py,Magic number 3 used in random_affine.
SpursLipu_YOLOv3-ModelCompression-MultidatasetTraining-Multibackbone.utils,datasets,,Magic number,random_affine,705,/Volumes/BrokeExt/NICHE/SpursLipu_YOLOv3-ModelCompression-MultidatasetTraining-Multibackbone/utils/datasets.py,Magic number 2 used in random_affine.
SpursLipu_YOLOv3-ModelCompression-MultidatasetTraining-Multibackbone.utils,datasets,,Magic number,random_affine,706,/Volumes/BrokeExt/NICHE/SpursLipu_YOLOv3-ModelCompression-MultidatasetTraining-Multibackbone/utils/datasets.py,Magic number 3 used in random_affine.
SpursLipu_YOLOv3-ModelCompression-MultidatasetTraining-Multibackbone.utils,datasets,,Magic number,random_affine,710,/Volumes/BrokeExt/NICHE/SpursLipu_YOLOv3-ModelCompression-MultidatasetTraining-Multibackbone/utils/datasets.py,Magic number 0.2 used in random_affine.
SpursLipu_YOLOv3-ModelCompression-MultidatasetTraining-Multibackbone.utils,datasets,,Magic number,random_affine,713,/Volumes/BrokeExt/NICHE/SpursLipu_YOLOv3-ModelCompression-MultidatasetTraining-Multibackbone/utils/datasets.py,Magic number 5 used in random_affine.
SpursLipu_YOLOv3-ModelCompression-MultidatasetTraining-Multibackbone.utils,datasets,,Magic number,random_affine,708,/Volumes/BrokeExt/NICHE/SpursLipu_YOLOv3-ModelCompression-MultidatasetTraining-Multibackbone/utils/datasets.py,Magic number 3 used in random_affine.
SpursLipu_YOLOv3-ModelCompression-MultidatasetTraining-Multibackbone.utils,datasets,,Magic number,random_affine,708,/Volumes/BrokeExt/NICHE/SpursLipu_YOLOv3-ModelCompression-MultidatasetTraining-Multibackbone/utils/datasets.py,Magic number 4 used in random_affine.
SpursLipu_YOLOv3-ModelCompression-MultidatasetTraining-Multibackbone.utils,datasets,,Magic number,random_affine,708,/Volumes/BrokeExt/NICHE/SpursLipu_YOLOv3-ModelCompression-MultidatasetTraining-Multibackbone/utils/datasets.py,Magic number 2 used in random_affine.
SpursLipu_YOLOv3-ModelCompression-MultidatasetTraining-Multibackbone.utils,datasets,,Magic number,random_affine,710,/Volumes/BrokeExt/NICHE/SpursLipu_YOLOv3-ModelCompression-MultidatasetTraining-Multibackbone/utils/datasets.py,Magic number 4 used in random_affine.
SpursLipu_YOLOv3-ModelCompression-MultidatasetTraining-Multibackbone.utils,datasets,,Magic number,random_affine,710,/Volumes/BrokeExt/NICHE/SpursLipu_YOLOv3-ModelCompression-MultidatasetTraining-Multibackbone/utils/datasets.py,Magic number 4 used in random_affine.
SpursLipu_YOLOv3-ModelCompression-MultidatasetTraining-Multibackbone.utils,datasets,,Magic number,random_affine,710,/Volumes/BrokeExt/NICHE/SpursLipu_YOLOv3-ModelCompression-MultidatasetTraining-Multibackbone/utils/datasets.py,Magic number 1e-16 used in random_affine.
SpursLipu_YOLOv3-ModelCompression-MultidatasetTraining-Multibackbone.utils,datasets,,Magic number,cutout,722,/Volumes/BrokeExt/NICHE/SpursLipu_YOLOv3-ModelCompression-MultidatasetTraining-Multibackbone/utils/datasets.py,Magic number 2 used in cutout.
SpursLipu_YOLOv3-ModelCompression-MultidatasetTraining-Multibackbone.utils,datasets,,Magic number,cutout,737,/Volumes/BrokeExt/NICHE/SpursLipu_YOLOv3-ModelCompression-MultidatasetTraining-Multibackbone/utils/datasets.py,Magic number 1e-16 used in cutout.
SpursLipu_YOLOv3-ModelCompression-MultidatasetTraining-Multibackbone.utils,datasets,,Magic number,cutout,743,/Volumes/BrokeExt/NICHE/SpursLipu_YOLOv3-ModelCompression-MultidatasetTraining-Multibackbone/utils/datasets.py,Magic number 16 used in cutout.
SpursLipu_YOLOv3-ModelCompression-MultidatasetTraining-Multibackbone.utils,datasets,,Magic number,cutout,729,/Volumes/BrokeExt/NICHE/SpursLipu_YOLOv3-ModelCompression-MultidatasetTraining-Multibackbone/utils/datasets.py,Magic number 2 used in cutout.
SpursLipu_YOLOv3-ModelCompression-MultidatasetTraining-Multibackbone.utils,datasets,,Magic number,cutout,729,/Volumes/BrokeExt/NICHE/SpursLipu_YOLOv3-ModelCompression-MultidatasetTraining-Multibackbone/utils/datasets.py,Magic number 3 used in cutout.
SpursLipu_YOLOv3-ModelCompression-MultidatasetTraining-Multibackbone.utils,datasets,,Magic number,cutout,730,/Volumes/BrokeExt/NICHE/SpursLipu_YOLOv3-ModelCompression-MultidatasetTraining-Multibackbone/utils/datasets.py,Magic number 2 used in cutout.
SpursLipu_YOLOv3-ModelCompression-MultidatasetTraining-Multibackbone.utils,datasets,,Magic number,cutout,730,/Volumes/BrokeExt/NICHE/SpursLipu_YOLOv3-ModelCompression-MultidatasetTraining-Multibackbone/utils/datasets.py,Magic number 3 used in cutout.
SpursLipu_YOLOv3-ModelCompression-MultidatasetTraining-Multibackbone.utils,datasets,,Magic number,cutout,743,/Volumes/BrokeExt/NICHE/SpursLipu_YOLOv3-ModelCompression-MultidatasetTraining-Multibackbone/utils/datasets.py,Magic number 8 used in cutout.
SpursLipu_YOLOv3-ModelCompression-MultidatasetTraining-Multibackbone.utils,datasets,,Magic number,cutout,743,/Volumes/BrokeExt/NICHE/SpursLipu_YOLOv3-ModelCompression-MultidatasetTraining-Multibackbone/utils/datasets.py,Magic number 0.03125 used in cutout.
SpursLipu_YOLOv3-ModelCompression-MultidatasetTraining-Multibackbone.utils,datasets,,Magic number,cutout,758,/Volumes/BrokeExt/NICHE/SpursLipu_YOLOv3-ModelCompression-MultidatasetTraining-Multibackbone/utils/datasets.py,Magic number 0.03 used in cutout.
SpursLipu_YOLOv3-ModelCompression-MultidatasetTraining-Multibackbone.utils,datasets,,Magic number,cutout,743,/Volumes/BrokeExt/NICHE/SpursLipu_YOLOv3-ModelCompression-MultidatasetTraining-Multibackbone/utils/datasets.py,Magic number 4 used in cutout.
SpursLipu_YOLOv3-ModelCompression-MultidatasetTraining-Multibackbone.utils,datasets,,Magic number,cutout,743,/Volumes/BrokeExt/NICHE/SpursLipu_YOLOv3-ModelCompression-MultidatasetTraining-Multibackbone/utils/datasets.py,Magic number 0.0625 used in cutout.
SpursLipu_YOLOv3-ModelCompression-MultidatasetTraining-Multibackbone.utils,datasets,,Magic number,cutout,761,/Volumes/BrokeExt/NICHE/SpursLipu_YOLOv3-ModelCompression-MultidatasetTraining-Multibackbone/utils/datasets.py,Magic number 0.6 used in cutout.
SpursLipu_YOLOv3-ModelCompression-MultidatasetTraining-Multibackbone.utils,datasets,,Magic number,cutout,743,/Volumes/BrokeExt/NICHE/SpursLipu_YOLOv3-ModelCompression-MultidatasetTraining-Multibackbone/utils/datasets.py,Magic number 2 used in cutout.
SpursLipu_YOLOv3-ModelCompression-MultidatasetTraining-Multibackbone.utils,datasets,,Magic number,cutout,743,/Volumes/BrokeExt/NICHE/SpursLipu_YOLOv3-ModelCompression-MultidatasetTraining-Multibackbone/utils/datasets.py,Magic number 0.125 used in cutout.
SpursLipu_YOLOv3-ModelCompression-MultidatasetTraining-Multibackbone.utils,datasets,,Magic number,cutout,743,/Volumes/BrokeExt/NICHE/SpursLipu_YOLOv3-ModelCompression-MultidatasetTraining-Multibackbone/utils/datasets.py,Magic number 0.5 used in cutout.
SpursLipu_YOLOv3-ModelCompression-MultidatasetTraining-Multibackbone.utils,datasets,,Magic number,cutout,743,/Volumes/BrokeExt/NICHE/SpursLipu_YOLOv3-ModelCompression-MultidatasetTraining-Multibackbone/utils/datasets.py,Magic number 0.25 used in cutout.
SpursLipu_YOLOv3-ModelCompression-MultidatasetTraining-Multibackbone.utils,datasets,,Magic number,reduce_img_size,991,/Volumes/BrokeExt/NICHE/SpursLipu_YOLOv3-ModelCompression-MultidatasetTraining-Multibackbone/utils/datasets.py,Magic number 1024 used in reduce_img_size.
SpursLipu_YOLOv3-ModelCompression-MultidatasetTraining-Multibackbone.utils,datasets,,Magic number,reduce_img_size,998,/Volumes/BrokeExt/NICHE/SpursLipu_YOLOv3-ModelCompression-MultidatasetTraining-Multibackbone/utils/datasets.py,Magic number 2 used in reduce_img_size.
SpursLipu_YOLOv3-ModelCompression-MultidatasetTraining-Multibackbone.utils,datasets,LoadImages,Magic number,__init__,44,/Volumes/BrokeExt/NICHE/SpursLipu_YOLOv3-ModelCompression-MultidatasetTraining-Multibackbone/utils/datasets.py,Magic number 416 used in __init__.
SpursLipu_YOLOv3-ModelCompression-MultidatasetTraining-Multibackbone.utils,datasets,LoadWebcam,Magic number,__init__,128,/Volumes/BrokeExt/NICHE/SpursLipu_YOLOv3-ModelCompression-MultidatasetTraining-Multibackbone/utils/datasets.py,Magic number 416 used in __init__.
SpursLipu_YOLOv3-ModelCompression-MultidatasetTraining-Multibackbone.utils,datasets,LoadWebcam,Magic number,__next__,169,/Volumes/BrokeExt/NICHE/SpursLipu_YOLOv3-ModelCompression-MultidatasetTraining-Multibackbone/utils/datasets.py,Magic number 30 used in __next__.
SpursLipu_YOLOv3-ModelCompression-MultidatasetTraining-Multibackbone.utils,datasets,LoadStreams,Magic number,__init__,193,/Volumes/BrokeExt/NICHE/SpursLipu_YOLOv3-ModelCompression-MultidatasetTraining-Multibackbone/utils/datasets.py,Magic number 416 used in __init__.
SpursLipu_YOLOv3-ModelCompression-MultidatasetTraining-Multibackbone.utils,datasets,LoadStreams,Magic number,__init__,213,/Volumes/BrokeExt/NICHE/SpursLipu_YOLOv3-ModelCompression-MultidatasetTraining-Multibackbone/utils/datasets.py,Magic number 100 used in __init__.
SpursLipu_YOLOv3-ModelCompression-MultidatasetTraining-Multibackbone.utils,datasets,LoadStreams,Magic number,update,233,/Volumes/BrokeExt/NICHE/SpursLipu_YOLOv3-ModelCompression-MultidatasetTraining-Multibackbone/utils/datasets.py,Magic number 4 used in update.
SpursLipu_YOLOv3-ModelCompression-MultidatasetTraining-Multibackbone.utils,datasets,LoadImagesAndLabels,Magic number,__init__,266,/Volumes/BrokeExt/NICHE/SpursLipu_YOLOv3-ModelCompression-MultidatasetTraining-Multibackbone/utils/datasets.py,Magic number 416 used in __init__.
SpursLipu_YOLOv3-ModelCompression-MultidatasetTraining-Multibackbone.utils,datasets,LoadImagesAndLabels,Magic number,__init__,266,/Volumes/BrokeExt/NICHE/SpursLipu_YOLOv3-ModelCompression-MultidatasetTraining-Multibackbone/utils/datasets.py,Magic number 16 used in __init__.
SpursLipu_YOLOv3-ModelCompression-MultidatasetTraining-Multibackbone.utils,datasets,LoadImagesAndLabels,Magic number,__init__,326,/Volumes/BrokeExt/NICHE/SpursLipu_YOLOv3-ModelCompression-MultidatasetTraining-Multibackbone/utils/datasets.py,Magic number 32 used in __init__.
SpursLipu_YOLOv3-ModelCompression-MultidatasetTraining-Multibackbone.utils,datasets,LoadImagesAndLabels,Magic number,__init__,344,/Volumes/BrokeExt/NICHE/SpursLipu_YOLOv3-ModelCompression-MultidatasetTraining-Multibackbone/utils/datasets.py,Magic number 5 used in __init__.
SpursLipu_YOLOv3-ModelCompression-MultidatasetTraining-Multibackbone.utils,datasets,LoadImagesAndLabels,Magic number,__init__,357,/Volumes/BrokeExt/NICHE/SpursLipu_YOLOv3-ModelCompression-MultidatasetTraining-Multibackbone/utils/datasets.py,Magic number 43 used in __init__.
SpursLipu_YOLOv3-ModelCompression-MultidatasetTraining-Multibackbone.utils,datasets,LoadImagesAndLabels,Magic number,__init__,353,/Volumes/BrokeExt/NICHE/SpursLipu_YOLOv3-ModelCompression-MultidatasetTraining-Multibackbone/utils/datasets.py,Magic number 10000.0 used in __init__.
SpursLipu_YOLOv3-ModelCompression-MultidatasetTraining-Multibackbone.utils,datasets,LoadImagesAndLabels,Magic number,__init__,398,/Volumes/BrokeExt/NICHE/SpursLipu_YOLOv3-ModelCompression-MultidatasetTraining-Multibackbone/utils/datasets.py,Magic number 1000000000.0 used in __init__.
SpursLipu_YOLOv3-ModelCompression-MultidatasetTraining-Multibackbone.utils,datasets,LoadImagesAndLabels,Magic number,__init__,368,/Volumes/BrokeExt/NICHE/SpursLipu_YOLOv3-ModelCompression-MultidatasetTraining-Multibackbone/utils/datasets.py,Magic number 2 used in __init__.
SpursLipu_YOLOv3-ModelCompression-MultidatasetTraining-Multibackbone.utils,datasets,LoadImagesAndLabels,Magic number,__init__,376,/Volumes/BrokeExt/NICHE/SpursLipu_YOLOv3-ModelCompression-MultidatasetTraining-Multibackbone/utils/datasets.py,Magic number 30 used in __init__.
SpursLipu_YOLOv3-ModelCompression-MultidatasetTraining-Multibackbone.utils,datasets,LoadImagesAndLabels,Magic number,__init__,375,/Volumes/BrokeExt/NICHE/SpursLipu_YOLOv3-ModelCompression-MultidatasetTraining-Multibackbone/utils/datasets.py,Magic number 2 used in __init__.
SpursLipu_YOLOv3-ModelCompression-MultidatasetTraining-Multibackbone.utils,datasets,LoadImagesAndLabels,Magic number,__init__,376,/Volumes/BrokeExt/NICHE/SpursLipu_YOLOv3-ModelCompression-MultidatasetTraining-Multibackbone/utils/datasets.py,Magic number 2 used in __init__.
SpursLipu_YOLOv3-ModelCompression-MultidatasetTraining-Multibackbone.utils,datasets,LoadImagesAndLabels,Magic number,__init__,376,/Volumes/BrokeExt/NICHE/SpursLipu_YOLOv3-ModelCompression-MultidatasetTraining-Multibackbone/utils/datasets.py,Magic number 1.3 used in __init__.
SpursLipu_YOLOv3-ModelCompression-MultidatasetTraining-Multibackbone.utils,datasets,LoadImagesAndLabels,Magic number,__init__,379,/Volumes/BrokeExt/NICHE/SpursLipu_YOLOv3-ModelCompression-MultidatasetTraining-Multibackbone/utils/datasets.py,Magic number 2 used in __init__.
SpursLipu_YOLOv3-ModelCompression-MultidatasetTraining-Multibackbone.utils,datasets,LoadImagesAndLabels,Magic number,__init__,380,/Volumes/BrokeExt/NICHE/SpursLipu_YOLOv3-ModelCompression-MultidatasetTraining-Multibackbone/utils/datasets.py,Magic number 3 used in __init__.
SpursLipu_YOLOv3-ModelCompression-MultidatasetTraining-Multibackbone.utils,datasets,LoadImagesAndLabels,Magic number,__init__,376,/Volumes/BrokeExt/NICHE/SpursLipu_YOLOv3-ModelCompression-MultidatasetTraining-Multibackbone/utils/datasets.py,Magic number 2 used in __init__.
SpursLipu_YOLOv3-ModelCompression-MultidatasetTraining-Multibackbone.utils,datasets,LoadImagesAndLabels,Magic number,__getitem__,478,/Volumes/BrokeExt/NICHE/SpursLipu_YOLOv3-ModelCompression-MultidatasetTraining-Multibackbone/utils/datasets.py,Magic number 0.5 used in __getitem__.
SpursLipu_YOLOv3-ModelCompression-MultidatasetTraining-Multibackbone.utils,datasets,LoadImagesAndLabels,Magic number,__getitem__,485,/Volumes/BrokeExt/NICHE/SpursLipu_YOLOv3-ModelCompression-MultidatasetTraining-Multibackbone/utils/datasets.py,Magic number 0.5 used in __getitem__.
SpursLipu_YOLOv3-ModelCompression-MultidatasetTraining-Multibackbone.utils,datasets,LoadImagesAndLabels,Magic number,__getitem__,445,/Volumes/BrokeExt/NICHE/SpursLipu_YOLOv3-ModelCompression-MultidatasetTraining-Multibackbone/utils/datasets.py,Magic number 2 used in __getitem__.
SpursLipu_YOLOv3-ModelCompression-MultidatasetTraining-Multibackbone.utils,datasets,LoadImagesAndLabels,Magic number,__getitem__,446,/Volumes/BrokeExt/NICHE/SpursLipu_YOLOv3-ModelCompression-MultidatasetTraining-Multibackbone/utils/datasets.py,Magic number 3 used in __getitem__.
SpursLipu_YOLOv3-ModelCompression-MultidatasetTraining-Multibackbone.utils,datasets,LoadImagesAndLabels,Magic number,__getitem__,447,/Volumes/BrokeExt/NICHE/SpursLipu_YOLOv3-ModelCompression-MultidatasetTraining-Multibackbone/utils/datasets.py,Magic number 4 used in __getitem__.
SpursLipu_YOLOv3-ModelCompression-MultidatasetTraining-Multibackbone.utils,datasets,LoadImagesAndLabels,Magic number,__getitem__,469,/Volumes/BrokeExt/NICHE/SpursLipu_YOLOv3-ModelCompression-MultidatasetTraining-Multibackbone/utils/datasets.py,Magic number 5 used in __getitem__.
SpursLipu_YOLOv3-ModelCompression-MultidatasetTraining-Multibackbone.utils,datasets,LoadImagesAndLabels,Magic number,__getitem__,472,/Volumes/BrokeExt/NICHE/SpursLipu_YOLOv3-ModelCompression-MultidatasetTraining-Multibackbone/utils/datasets.py,Magic number 2 used in __getitem__.
SpursLipu_YOLOv3-ModelCompression-MultidatasetTraining-Multibackbone.utils,datasets,LoadImagesAndLabels,Magic number,__getitem__,472,/Volumes/BrokeExt/NICHE/SpursLipu_YOLOv3-ModelCompression-MultidatasetTraining-Multibackbone/utils/datasets.py,Magic number 4 used in __getitem__.
SpursLipu_YOLOv3-ModelCompression-MultidatasetTraining-Multibackbone.utils,datasets,LoadImagesAndLabels,Magic number,__getitem__,473,/Volumes/BrokeExt/NICHE/SpursLipu_YOLOv3-ModelCompression-MultidatasetTraining-Multibackbone/utils/datasets.py,Magic number 3 used in __getitem__.
SpursLipu_YOLOv3-ModelCompression-MultidatasetTraining-Multibackbone.utils,datasets,LoadImagesAndLabels,Magic number,__getitem__,488,/Volumes/BrokeExt/NICHE/SpursLipu_YOLOv3-ModelCompression-MultidatasetTraining-Multibackbone/utils/datasets.py,Magic number 2 used in __getitem__.
SpursLipu_YOLOv3-ModelCompression-MultidatasetTraining-Multibackbone.utils,datasets,LoadImagesAndLabels,Magic number,__getitem__,444,/Volumes/BrokeExt/NICHE/SpursLipu_YOLOv3-ModelCompression-MultidatasetTraining-Multibackbone/utils/datasets.py,Magic number 2 used in __getitem__.
SpursLipu_YOLOv3-ModelCompression-MultidatasetTraining-Multibackbone.utils,datasets,LoadImagesAndLabels,Magic number,__getitem__,445,/Volumes/BrokeExt/NICHE/SpursLipu_YOLOv3-ModelCompression-MultidatasetTraining-Multibackbone/utils/datasets.py,Magic number 2 used in __getitem__.
SpursLipu_YOLOv3-ModelCompression-MultidatasetTraining-Multibackbone.utils,datasets,LoadImagesAndLabels,Magic number,__getitem__,446,/Volumes/BrokeExt/NICHE/SpursLipu_YOLOv3-ModelCompression-MultidatasetTraining-Multibackbone/utils/datasets.py,Magic number 2 used in __getitem__.
SpursLipu_YOLOv3-ModelCompression-MultidatasetTraining-Multibackbone.utils,datasets,LoadImagesAndLabels,Magic number,__getitem__,447,/Volumes/BrokeExt/NICHE/SpursLipu_YOLOv3-ModelCompression-MultidatasetTraining-Multibackbone/utils/datasets.py,Magic number 2 used in __getitem__.
SpursLipu_YOLOv3-ModelCompression-MultidatasetTraining-Multibackbone.utils,datasets,LoadImagesAndLabels,Magic number,__getitem__,488,/Volumes/BrokeExt/NICHE/SpursLipu_YOLOv3-ModelCompression-MultidatasetTraining-Multibackbone/utils/datasets.py,Magic number 2 used in __getitem__.
SpursLipu_YOLOv3-ModelCompression-MultidatasetTraining-Multibackbone.utils,datasets,LoadImagesAndLabels,Magic number,__getitem__,445,/Volumes/BrokeExt/NICHE/SpursLipu_YOLOv3-ModelCompression-MultidatasetTraining-Multibackbone/utils/datasets.py,Magic number 2 used in __getitem__.
SpursLipu_YOLOv3-ModelCompression-MultidatasetTraining-Multibackbone.utils,datasets,LoadImagesAndLabels,Magic number,__getitem__,447,/Volumes/BrokeExt/NICHE/SpursLipu_YOLOv3-ModelCompression-MultidatasetTraining-Multibackbone/utils/datasets.py,Magic number 2 used in __getitem__.
SpursLipu_YOLOv3-ModelCompression-MultidatasetTraining-Multibackbone.utils,datasets,LoadImagesAndLabels,Magic number,__getitem__,444,/Volumes/BrokeExt/NICHE/SpursLipu_YOLOv3-ModelCompression-MultidatasetTraining-Multibackbone/utils/datasets.py,Magic number 3 used in __getitem__.
SpursLipu_YOLOv3-ModelCompression-MultidatasetTraining-Multibackbone.utils,datasets,LoadImagesAndLabels,Magic number,__getitem__,445,/Volumes/BrokeExt/NICHE/SpursLipu_YOLOv3-ModelCompression-MultidatasetTraining-Multibackbone/utils/datasets.py,Magic number 4 used in __getitem__.
SpursLipu_YOLOv3-ModelCompression-MultidatasetTraining-Multibackbone.utils,datasets,LoadImagesAndLabels,Magic number,__getitem__,446,/Volumes/BrokeExt/NICHE/SpursLipu_YOLOv3-ModelCompression-MultidatasetTraining-Multibackbone/utils/datasets.py,Magic number 3 used in __getitem__.
SpursLipu_YOLOv3-ModelCompression-MultidatasetTraining-Multibackbone.utils,datasets,LoadImagesAndLabels,Magic number,__getitem__,447,/Volumes/BrokeExt/NICHE/SpursLipu_YOLOv3-ModelCompression-MultidatasetTraining-Multibackbone/utils/datasets.py,Magic number 4 used in __getitem__.
SpursLipu_YOLOv3-ModelCompression-MultidatasetTraining-Multibackbone.utils,datasets,FenceMask,Magic number,__init__,836,/Volumes/BrokeExt/NICHE/SpursLipu_YOLOv3-ModelCompression-MultidatasetTraining-Multibackbone/utils/datasets.py,Magic number 10 used in __init__.
SpursLipu_YOLOv3-ModelCompression-MultidatasetTraining-Multibackbone.utils,datasets,FenceMask,Magic number,__init__,873,/Volumes/BrokeExt/NICHE/SpursLipu_YOLOv3-ModelCompression-MultidatasetTraining-Multibackbone/utils/datasets.py,Magic number 0.5 used in __init__.
SpursLipu_YOLOv3-ModelCompression-MultidatasetTraining-Multibackbone.utils,datasets,FenceMask,Magic number,__init__,874,/Volumes/BrokeExt/NICHE/SpursLipu_YOLOv3-ModelCompression-MultidatasetTraining-Multibackbone/utils/datasets.py,Magic number 0.5 used in __init__.
SpursLipu_YOLOv3-ModelCompression-MultidatasetTraining-Multibackbone.utils,datasets,FenceMask,Magic number,__init__,860,/Volumes/BrokeExt/NICHE/SpursLipu_YOLOv3-ModelCompression-MultidatasetTraining-Multibackbone/utils/datasets.py,Magic number 2 used in __init__.
SpursLipu_YOLOv3-ModelCompression-MultidatasetTraining-Multibackbone.utils,datasets,FenceMask,Magic number,__init__,860,/Volumes/BrokeExt/NICHE/SpursLipu_YOLOv3-ModelCompression-MultidatasetTraining-Multibackbone/utils/datasets.py,Magic number 2 used in __init__.
SpursLipu_YOLOv3-ModelCompression-MultidatasetTraining-Multibackbone.utils,datasets,FenceMask,Magic number,__init__,873,/Volumes/BrokeExt/NICHE/SpursLipu_YOLOv3-ModelCompression-MultidatasetTraining-Multibackbone/utils/datasets.py,Magic number 0.5 used in __init__.
SpursLipu_YOLOv3-ModelCompression-MultidatasetTraining-Multibackbone.utils,datasets,FenceMask,Magic number,__init__,854,/Volumes/BrokeExt/NICHE/SpursLipu_YOLOv3-ModelCompression-MultidatasetTraining-Multibackbone/utils/datasets.py,Magic number 2 used in __init__.
SpursLipu_YOLOv3-ModelCompression-MultidatasetTraining-Multibackbone.utils,datasets,FenceMask,Magic number,__init__,858,/Volumes/BrokeExt/NICHE/SpursLipu_YOLOv3-ModelCompression-MultidatasetTraining-Multibackbone/utils/datasets.py,Magic number 2 used in __init__.
SpursLipu_YOLOv3-ModelCompression-MultidatasetTraining-Multibackbone.utils,datasets,Grid,Magic number,__init__,908,/Volumes/BrokeExt/NICHE/SpursLipu_YOLOv3-ModelCompression-MultidatasetTraining-Multibackbone/utils/datasets.py,Magic number 0.5 used in __init__.
SpursLipu_YOLOv3-ModelCompression-MultidatasetTraining-Multibackbone.utils,datasets,Grid,Magic number,__call__,923,/Volumes/BrokeExt/NICHE/SpursLipu_YOLOv3-ModelCompression-MultidatasetTraining-Multibackbone/utils/datasets.py,Magic number 2 used in __call__.
SpursLipu_YOLOv3-ModelCompression-MultidatasetTraining-Multibackbone.utils,datasets,Grid,Magic number,__call__,956,/Volumes/BrokeExt/NICHE/SpursLipu_YOLOv3-ModelCompression-MultidatasetTraining-Multibackbone/utils/datasets.py,Magic number 2 used in __call__.
SpursLipu_YOLOv3-ModelCompression-MultidatasetTraining-Multibackbone.utils,datasets,Grid,Magic number,__call__,956,/Volumes/BrokeExt/NICHE/SpursLipu_YOLOv3-ModelCompression-MultidatasetTraining-Multibackbone/utils/datasets.py,Magic number 2 used in __call__.
SpursLipu_YOLOv3-ModelCompression-MultidatasetTraining-Multibackbone.utils,datasets,Grid,Magic number,__call__,956,/Volumes/BrokeExt/NICHE/SpursLipu_YOLOv3-ModelCompression-MultidatasetTraining-Multibackbone/utils/datasets.py,Magic number 2 used in __call__.
SpursLipu_YOLOv3-ModelCompression-MultidatasetTraining-Multibackbone.utils,datasets,Grid,Magic number,__call__,956,/Volumes/BrokeExt/NICHE/SpursLipu_YOLOv3-ModelCompression-MultidatasetTraining-Multibackbone/utils/datasets.py,Magic number 2 used in __call__.
SpursLipu_YOLOv3-ModelCompression-MultidatasetTraining-Multibackbone.utils,datasets,GridMask,Magic number,__init__,969,/Volumes/BrokeExt/NICHE/SpursLipu_YOLOv3-ModelCompression-MultidatasetTraining-Multibackbone/utils/datasets.py,Magic number 0.5 used in __init__.
SpursLipu_YOLOv3-ModelCompression-MultidatasetTraining-Multibackbone.utils,google_utils,,Long statement,gdrive_download,24,/Volumes/BrokeExt/NICHE/SpursLipu_YOLOv3-ModelCompression-MultidatasetTraining-Multibackbone/utils/google_utils.py,A line with 146 chars in gdrive_download exceeds the maximum length of 120 characters.
SpursLipu_YOLOv3-ModelCompression-MultidatasetTraining-Multibackbone.utils,layers,MixConv2d,Long parameter list,__init__,76 - 97,/Volumes/BrokeExt/NICHE/SpursLipu_YOLOv3-ModelCompression-MultidatasetTraining-Multibackbone/utils/layers.py,"__init__ has 7 parameters, exceeding the max of 5."
SpursLipu_YOLOv3-ModelCompression-MultidatasetTraining-Multibackbone.utils,layers,MixConv2d,Long statement,__init__,91,/Volumes/BrokeExt/NICHE/SpursLipu_YOLOv3-ModelCompression-MultidatasetTraining-Multibackbone/utils/layers.py,A line with 181 chars in __init__ exceeds the maximum length of 120 characters.
SpursLipu_YOLOv3-ModelCompression-MultidatasetTraining-Multibackbone.utils,layers,SE,Long statement,__init__,180,/Volumes/BrokeExt/NICHE/SpursLipu_YOLOv3-ModelCompression-MultidatasetTraining-Multibackbone/utils/layers.py,A line with 173 chars in __init__ exceeds the maximum length of 120 characters.
SpursLipu_YOLOv3-ModelCompression-MultidatasetTraining-Multibackbone.utils,layers,FeatureConcat,Magic number,forward,38,/Volumes/BrokeExt/NICHE/SpursLipu_YOLOv3-ModelCompression-MultidatasetTraining-Multibackbone/utils/layers.py,Magic number 2 used in forward.
SpursLipu_YOLOv3-ModelCompression-MultidatasetTraining-Multibackbone.utils,layers,Shortcut,Magic number,forward,55,/Volumes/BrokeExt/NICHE/SpursLipu_YOLOv3-ModelCompression-MultidatasetTraining-Multibackbone/utils/layers.py,Magic number 2 used in forward.
SpursLipu_YOLOv3-ModelCompression-MultidatasetTraining-Multibackbone.utils,layers,MixConv2d,Magic number,__init__,76,/Volumes/BrokeExt/NICHE/SpursLipu_YOLOv3-ModelCompression-MultidatasetTraining-Multibackbone/utils/layers.py,Magic number 3 used in __init__.
SpursLipu_YOLOv3-ModelCompression-MultidatasetTraining-Multibackbone.utils,layers,MixConv2d,Magic number,__init__,76,/Volumes/BrokeExt/NICHE/SpursLipu_YOLOv3-ModelCompression-MultidatasetTraining-Multibackbone/utils/layers.py,Magic number 5 used in __init__.
SpursLipu_YOLOv3-ModelCompression-MultidatasetTraining-Multibackbone.utils,layers,MixConv2d,Magic number,__init__,76,/Volumes/BrokeExt/NICHE/SpursLipu_YOLOv3-ModelCompression-MultidatasetTraining-Multibackbone/utils/layers.py,Magic number 7 used in __init__.
SpursLipu_YOLOv3-ModelCompression-MultidatasetTraining-Multibackbone.utils,layers,MixConv2d,Magic number,__init__,87,/Volumes/BrokeExt/NICHE/SpursLipu_YOLOv3-ModelCompression-MultidatasetTraining-Multibackbone/utils/layers.py,Magic number 2 used in __init__.
SpursLipu_YOLOv3-ModelCompression-MultidatasetTraining-Multibackbone.utils,layers,HardSwish,Magic number,forward,164,/Volumes/BrokeExt/NICHE/SpursLipu_YOLOv3-ModelCompression-MultidatasetTraining-Multibackbone/utils/layers.py,Magic number 6.0 used in forward.
SpursLipu_YOLOv3-ModelCompression-MultidatasetTraining-Multibackbone.utils,layers,HardSigmoid,Magic number,forward,172,/Volumes/BrokeExt/NICHE/SpursLipu_YOLOv3-ModelCompression-MultidatasetTraining-Multibackbone/utils/layers.py,Magic number 6.0 used in forward.
SpursLipu_YOLOv3-ModelCompression-MultidatasetTraining-Multibackbone.utils,layers,SE,Magic number,__init__,177,/Volumes/BrokeExt/NICHE/SpursLipu_YOLOv3-ModelCompression-MultidatasetTraining-Multibackbone/utils/layers.py,Magic number 4 used in __init__.
SpursLipu_YOLOv3-ModelCompression-MultidatasetTraining-Multibackbone.utils,output_upsample,,Long method,Val_upsample,9 - 83,/Volumes/BrokeExt/NICHE/SpursLipu_YOLOv3-ModelCompression-MultidatasetTraining-Multibackbone/utils/output_upsample.py,Method 'Val_upsample' is too long (70 lines).
SpursLipu_YOLOv3-ModelCompression-MultidatasetTraining-Multibackbone.utils,output_upsample,,Long statement,Val_upsample,64,/Volumes/BrokeExt/NICHE/SpursLipu_YOLOv3-ModelCompression-MultidatasetTraining-Multibackbone/utils/output_upsample.py,A line with 129 chars in Val_upsample exceeds the maximum length of 120 characters.
SpursLipu_YOLOv3-ModelCompression-MultidatasetTraining-Multibackbone.utils,output_upsample,,Magic number,Val_upsample,38,/Volumes/BrokeExt/NICHE/SpursLipu_YOLOv3-ModelCompression-MultidatasetTraining-Multibackbone/utils/output_upsample.py,Magic number 2 used in Val_upsample.
SpursLipu_YOLOv3-ModelCompression-MultidatasetTraining-Multibackbone.utils,parse_config,,Complex method,parse_model_cfg,6 - 51,/Volumes/BrokeExt/NICHE/SpursLipu_YOLOv3-ModelCompression-MultidatasetTraining-Multibackbone/utils/parse_config.py,"Method 'parse_model_cfg' has a cyclomatic complexity of 14, exceeding the max of 6."
SpursLipu_YOLOv3-ModelCompression-MultidatasetTraining-Multibackbone.utils,parse_config,,Long statement,parse_model_cfg,40,/Volumes/BrokeExt/NICHE/SpursLipu_YOLOv3-ModelCompression-MultidatasetTraining-Multibackbone/utils/parse_config.py,A line with 406 chars in parse_model_cfg exceeds the maximum length of 120 characters.
SpursLipu_YOLOv3-ModelCompression-MultidatasetTraining-Multibackbone.utils,prune_utils,,Complex method,parse_module_defs2,8 - 50,/Volumes/BrokeExt/NICHE/SpursLipu_YOLOv3-ModelCompression-MultidatasetTraining-Multibackbone/utils/prune_utils.py,"Method 'parse_module_defs2' has a cyclomatic complexity of 14, exceeding the max of 6."
SpursLipu_YOLOv3-ModelCompression-MultidatasetTraining-Multibackbone.utils,prune_utils,,Complex method,parse_module_defs,53 - 88,/Volumes/BrokeExt/NICHE/SpursLipu_YOLOv3-ModelCompression-MultidatasetTraining-Multibackbone/utils/prune_utils.py,"Method 'parse_module_defs' has a cyclomatic complexity of 14, exceeding the max of 6."
SpursLipu_YOLOv3-ModelCompression-MultidatasetTraining-Multibackbone.utils,prune_utils,,Complex method,get_input_mask,155 - 209,/Volumes/BrokeExt/NICHE/SpursLipu_YOLOv3-ModelCompression-MultidatasetTraining-Multibackbone/utils/prune_utils.py,"Method 'get_input_mask' has a cyclomatic complexity of 8, exceeding the max of 6."
SpursLipu_YOLOv3-ModelCompression-MultidatasetTraining-Multibackbone.utils,prune_utils,,Complex method,prune_model_keep_size,261 - 335,/Volumes/BrokeExt/NICHE/SpursLipu_YOLOv3-ModelCompression-MultidatasetTraining-Multibackbone/utils/prune_utils.py,"Method 'prune_model_keep_size' has a cyclomatic complexity of 20, exceeding the max of 6."
SpursLipu_YOLOv3-ModelCompression-MultidatasetTraining-Multibackbone.utils,prune_utils,,Complex method,merge_mask,355 - 419,/Volumes/BrokeExt/NICHE/SpursLipu_YOLOv3-ModelCompression-MultidatasetTraining-Multibackbone/utils/prune_utils.py,"Method 'merge_mask' has a cyclomatic complexity of 17, exceeding the max of 6."
SpursLipu_YOLOv3-ModelCompression-MultidatasetTraining-Multibackbone.utils,prune_utils,,Long identifier,prune_model_keep_size_forEagleEye,435,/Volumes/BrokeExt/NICHE/SpursLipu_YOLOv3-ModelCompression-MultidatasetTraining-Multibackbone/utils/prune_utils.py,Identifier'prune_model_keep_size_forEagleEye' exceeds the maximum length of 30 characters.
SpursLipu_YOLOv3-ModelCompression-MultidatasetTraining-Multibackbone.utils,prune_utils,,Long method,parse_module_defs2,8 - 50,/Volumes/BrokeExt/NICHE/SpursLipu_YOLOv3-ModelCompression-MultidatasetTraining-Multibackbone/utils/prune_utils.py,Method 'parse_module_defs2' is too long (41 lines).
SpursLipu_YOLOv3-ModelCompression-MultidatasetTraining-Multibackbone.utils,prune_utils,,Long method,get_input_mask,155 - 209,/Volumes/BrokeExt/NICHE/SpursLipu_YOLOv3-ModelCompression-MultidatasetTraining-Multibackbone/utils/prune_utils.py,Method 'get_input_mask' is too long (54 lines).
SpursLipu_YOLOv3-ModelCompression-MultidatasetTraining-Multibackbone.utils,prune_utils,,Long method,init_weights_from_loose_model,212 - 258,/Volumes/BrokeExt/NICHE/SpursLipu_YOLOv3-ModelCompression-MultidatasetTraining-Multibackbone/utils/prune_utils.py,Method 'init_weights_from_loose_model' is too long (46 lines).
SpursLipu_YOLOv3-ModelCompression-MultidatasetTraining-Multibackbone.utils,prune_utils,,Long method,prune_model_keep_size,261 - 335,/Volumes/BrokeExt/NICHE/SpursLipu_YOLOv3-ModelCompression-MultidatasetTraining-Multibackbone/utils/prune_utils.py,Method 'prune_model_keep_size' is too long (74 lines).
SpursLipu_YOLOv3-ModelCompression-MultidatasetTraining-Multibackbone.utils,prune_utils,,Long method,merge_mask,355 - 419,/Volumes/BrokeExt/NICHE/SpursLipu_YOLOv3-ModelCompression-MultidatasetTraining-Multibackbone/utils/prune_utils.py,Method 'merge_mask' is too long (65 lines).
SpursLipu_YOLOv3-ModelCompression-MultidatasetTraining-Multibackbone.utils,prune_utils,,Long parameter list,init_weights_from_loose_model,212 - 258,/Volumes/BrokeExt/NICHE/SpursLipu_YOLOv3-ModelCompression-MultidatasetTraining-Multibackbone/utils/prune_utils.py,"init_weights_from_loose_model has 6 parameters, exceeding the max of 5."
SpursLipu_YOLOv3-ModelCompression-MultidatasetTraining-Multibackbone.utils,prune_utils,,Long statement,obtain_quantiles,146,/Volumes/BrokeExt/NICHE/SpursLipu_YOLOv3-ModelCompression-MultidatasetTraining-Multibackbone/utils/prune_utils.py,A line with 129 chars in obtain_quantiles exceeds the maximum length of 120 characters.
SpursLipu_YOLOv3-ModelCompression-MultidatasetTraining-Multibackbone.utils,prune_utils,,Magic number,parse_module_defs2,20,/Volumes/BrokeExt/NICHE/SpursLipu_YOLOv3-ModelCompression-MultidatasetTraining-Multibackbone/utils/prune_utils.py,Magic number 2 used in parse_module_defs2.
SpursLipu_YOLOv3-ModelCompression-MultidatasetTraining-Multibackbone.utils,prune_utils,,Magic number,parse_module_defs,63,/Volumes/BrokeExt/NICHE/SpursLipu_YOLOv3-ModelCompression-MultidatasetTraining-Multibackbone/utils/prune_utils.py,Magic number 2 used in parse_module_defs.
SpursLipu_YOLOv3-ModelCompression-MultidatasetTraining-Multibackbone.utils,prune_utils,,Magic number,obtain_quantiles,141,/Volumes/BrokeExt/NICHE/SpursLipu_YOLOv3-ModelCompression-MultidatasetTraining-Multibackbone/utils/prune_utils.py,Magic number 5 used in obtain_quantiles.
SpursLipu_YOLOv3-ModelCompression-MultidatasetTraining-Multibackbone.utils,prune_utils,,Magic number,get_input_mask,169,/Volumes/BrokeExt/NICHE/SpursLipu_YOLOv3-ModelCompression-MultidatasetTraining-Multibackbone/utils/prune_utils.py,Magic number 2 used in get_input_mask.
SpursLipu_YOLOv3-ModelCompression-MultidatasetTraining-Multibackbone.utils,prune_utils,,Magic number,get_input_mask,172,/Volumes/BrokeExt/NICHE/SpursLipu_YOLOv3-ModelCompression-MultidatasetTraining-Multibackbone/utils/prune_utils.py,Magic number 3 used in get_input_mask.
SpursLipu_YOLOv3-ModelCompression-MultidatasetTraining-Multibackbone.utils,prune_utils,,Magic number,get_input_mask,166,/Volumes/BrokeExt/NICHE/SpursLipu_YOLOv3-ModelCompression-MultidatasetTraining-Multibackbone/utils/prune_utils.py,Magic number 2 used in get_input_mask.
SpursLipu_YOLOv3-ModelCompression-MultidatasetTraining-Multibackbone.utils,prune_utils,,Magic number,get_input_mask,174,/Volumes/BrokeExt/NICHE/SpursLipu_YOLOv3-ModelCompression-MultidatasetTraining-Multibackbone/utils/prune_utils.py,Magic number 2 used in get_input_mask.
SpursLipu_YOLOv3-ModelCompression-MultidatasetTraining-Multibackbone.utils,prune_utils,,Magic number,get_input_mask,176,/Volumes/BrokeExt/NICHE/SpursLipu_YOLOv3-ModelCompression-MultidatasetTraining-Multibackbone/utils/prune_utils.py,Magic number 2 used in get_input_mask.
SpursLipu_YOLOv3-ModelCompression-MultidatasetTraining-Multibackbone.utils,prune_utils,,Magic number,get_input_mask,189,/Volumes/BrokeExt/NICHE/SpursLipu_YOLOv3-ModelCompression-MultidatasetTraining-Multibackbone/utils/prune_utils.py,Magic number 2 used in get_input_mask.
SpursLipu_YOLOv3-ModelCompression-MultidatasetTraining-Multibackbone.utils,prune_utils,,Magic number,get_input_mask,203,/Volumes/BrokeExt/NICHE/SpursLipu_YOLOv3-ModelCompression-MultidatasetTraining-Multibackbone/utils/prune_utils.py,Magic number 4 used in get_input_mask.
SpursLipu_YOLOv3-ModelCompression-MultidatasetTraining-Multibackbone.utils,prune_utils,,Magic number,get_input_mask,187,/Volumes/BrokeExt/NICHE/SpursLipu_YOLOv3-ModelCompression-MultidatasetTraining-Multibackbone/utils/prune_utils.py,Magic number 2 used in get_input_mask.
SpursLipu_YOLOv3-ModelCompression-MultidatasetTraining-Multibackbone.utils,prune_utils,,Magic number,init_weights_from_loose_model,247,/Volumes/BrokeExt/NICHE/SpursLipu_YOLOv3-ModelCompression-MultidatasetTraining-Multibackbone/utils/prune_utils.py,Magic number 2 used in init_weights_from_loose_model.
SpursLipu_YOLOv3-ModelCompression-MultidatasetTraining-Multibackbone.utils,prune_utils,,Magic number,init_weights_from_loose_model,248,/Volumes/BrokeExt/NICHE/SpursLipu_YOLOv3-ModelCompression-MultidatasetTraining-Multibackbone/utils/prune_utils.py,Magic number 2 used in init_weights_from_loose_model.
SpursLipu_YOLOv3-ModelCompression-MultidatasetTraining-Multibackbone.utils,prune_utils,,Magic number,prune_model_keep_size,273,/Volumes/BrokeExt/NICHE/SpursLipu_YOLOv3-ModelCompression-MultidatasetTraining-Multibackbone/utils/prune_utils.py,Magic number 2 used in prune_model_keep_size.
SpursLipu_YOLOv3-ModelCompression-MultidatasetTraining-Multibackbone.utils,prune_utils,,Magic number,prune_model_keep_size,313,/Volumes/BrokeExt/NICHE/SpursLipu_YOLOv3-ModelCompression-MultidatasetTraining-Multibackbone/utils/prune_utils.py,Magic number 2 used in prune_model_keep_size.
SpursLipu_YOLOv3-ModelCompression-MultidatasetTraining-Multibackbone.utils,prune_utils,,Magic number,prune_model_keep_size,280,/Volumes/BrokeExt/NICHE/SpursLipu_YOLOv3-ModelCompression-MultidatasetTraining-Multibackbone/utils/prune_utils.py,Magic number 6.0 used in prune_model_keep_size.
SpursLipu_YOLOv3-ModelCompression-MultidatasetTraining-Multibackbone.utils,prune_utils,,Magic number,prune_model_keep_size,311,/Volumes/BrokeExt/NICHE/SpursLipu_YOLOv3-ModelCompression-MultidatasetTraining-Multibackbone/utils/prune_utils.py,Magic number 2 used in prune_model_keep_size.
SpursLipu_YOLOv3-ModelCompression-MultidatasetTraining-Multibackbone.utils,torch_utils,,Complex method,select_device,16 - 40,/Volumes/BrokeExt/NICHE/SpursLipu_YOLOv3-ModelCompression-MultidatasetTraining-Multibackbone/utils/torch_utils.py,"Method 'select_device' has a cyclomatic complexity of 8, exceeding the max of 6."
SpursLipu_YOLOv3-ModelCompression-MultidatasetTraining-Multibackbone.utils,torch_utils,,Long statement,fuse_conv_and_bn,69,/Volumes/BrokeExt/NICHE/SpursLipu_YOLOv3-ModelCompression-MultidatasetTraining-Multibackbone/utils/torch_utils.py,A line with 167 chars in fuse_conv_and_bn exceeds the maximum length of 120 characters.
SpursLipu_YOLOv3-ModelCompression-MultidatasetTraining-Multibackbone.utils,torch_utils,,Long statement,model_info,100,/Volumes/BrokeExt/NICHE/SpursLipu_YOLOv3-ModelCompression-MultidatasetTraining-Multibackbone/utils/torch_utils.py,A line with 121 chars in model_info exceeds the maximum length of 120 characters.
SpursLipu_YOLOv3-ModelCompression-MultidatasetTraining-Multibackbone.utils,torch_utils,,Magic number,select_device,25,/Volumes/BrokeExt/NICHE/SpursLipu_YOLOv3-ModelCompression-MultidatasetTraining-Multibackbone/utils/torch_utils.py,Magic number 1024 used in select_device.
SpursLipu_YOLOv3-ModelCompression-MultidatasetTraining-Multibackbone.utils,torch_utils,,Magic number,select_device,25,/Volumes/BrokeExt/NICHE/SpursLipu_YOLOv3-ModelCompression-MultidatasetTraining-Multibackbone/utils/torch_utils.py,Magic number 2 used in select_device.
SpursLipu_YOLOv3-ModelCompression-MultidatasetTraining-Multibackbone.utils,torch_utils,,Magic number,initialize_weights,54,/Volumes/BrokeExt/NICHE/SpursLipu_YOLOv3-ModelCompression-MultidatasetTraining-Multibackbone/utils/torch_utils.py,Magic number 0.0001 used in initialize_weights.
SpursLipu_YOLOv3-ModelCompression-MultidatasetTraining-Multibackbone.utils,torch_utils,,Magic number,initialize_weights,55,/Volumes/BrokeExt/NICHE/SpursLipu_YOLOv3-ModelCompression-MultidatasetTraining-Multibackbone/utils/torch_utils.py,Magic number 0.03 used in initialize_weights.
SpursLipu_YOLOv3-ModelCompression-MultidatasetTraining-Multibackbone.utils,torch_utils,,Magic number,model_info,106,/Volumes/BrokeExt/NICHE/SpursLipu_YOLOv3-ModelCompression-MultidatasetTraining-Multibackbone/utils/torch_utils.py,Magic number 1024 used in model_info.
SpursLipu_YOLOv3-ModelCompression-MultidatasetTraining-Multibackbone.utils,torch_utils,,Magic number,model_info,106,/Volumes/BrokeExt/NICHE/SpursLipu_YOLOv3-ModelCompression-MultidatasetTraining-Multibackbone/utils/torch_utils.py,Magic number 3 used in model_info.
SpursLipu_YOLOv3-ModelCompression-MultidatasetTraining-Multibackbone.utils,torch_utils,,Magic number,load_classifier,113,/Volumes/BrokeExt/NICHE/SpursLipu_YOLOv3-ModelCompression-MultidatasetTraining-Multibackbone/utils/torch_utils.py,Magic number 2 used in load_classifier.
SpursLipu_YOLOv3-ModelCompression-MultidatasetTraining-Multibackbone.utils,torch_utils,,Magic number,scale_img,136,/Volumes/BrokeExt/NICHE/SpursLipu_YOLOv3-ModelCompression-MultidatasetTraining-Multibackbone/utils/torch_utils.py,Magic number 64 used in scale_img.
SpursLipu_YOLOv3-ModelCompression-MultidatasetTraining-Multibackbone.utils,torch_utils,,Magic number,scale_img,132,/Volumes/BrokeExt/NICHE/SpursLipu_YOLOv3-ModelCompression-MultidatasetTraining-Multibackbone/utils/torch_utils.py,Magic number 2 used in scale_img.
SpursLipu_YOLOv3-ModelCompression-MultidatasetTraining-Multibackbone.utils,torch_utils,ModelEMA,Magic number,__init__,159,/Volumes/BrokeExt/NICHE/SpursLipu_YOLOv3-ModelCompression-MultidatasetTraining-Multibackbone/utils/torch_utils.py,Magic number 0.9999 used in __init__.
SpursLipu_YOLOv3-ModelCompression-MultidatasetTraining-Multibackbone.utils,utils,,Complex method,compute_loss,368 - 432,/Volumes/BrokeExt/NICHE/SpursLipu_YOLOv3-ModelCompression-MultidatasetTraining-Multibackbone/utils/utils.py,"Method 'compute_loss' has a cyclomatic complexity of 7, exceeding the max of 6."
SpursLipu_YOLOv3-ModelCompression-MultidatasetTraining-Multibackbone.utils,utils,,Complex method,non_max_suppression,782 - 860,/Volumes/BrokeExt/NICHE/SpursLipu_YOLOv3-ModelCompression-MultidatasetTraining-Multibackbone/utils/utils.py,"Method 'non_max_suppression' has a cyclomatic complexity of 12, exceeding the max of 6."
SpursLipu_YOLOv3-ModelCompression-MultidatasetTraining-Multibackbone.utils,utils,,Complex method,plot_images,1183 - 1262,/Volumes/BrokeExt/NICHE/SpursLipu_YOLOv3-ModelCompression-MultidatasetTraining-Multibackbone/utils/utils.py,"Method 'plot_images' has a cyclomatic complexity of 14, exceeding the max of 6."
SpursLipu_YOLOv3-ModelCompression-MultidatasetTraining-Multibackbone.utils,utils,,Complex method,plot_results,1341 - 1371,/Volumes/BrokeExt/NICHE/SpursLipu_YOLOv3-ModelCompression-MultidatasetTraining-Multibackbone/utils/utils.py,"Method 'plot_results' has a cyclomatic complexity of 7, exceeding the max of 6."
SpursLipu_YOLOv3-ModelCompression-MultidatasetTraining-Multibackbone.utils,utils,,Empty catch block,non_max_suppression,851,/Volumes/BrokeExt/NICHE/SpursLipu_YOLOv3-ModelCompression-MultidatasetTraining-Multibackbone/utils/utils.py,Empty catch block found in non_max_suppression.
SpursLipu_YOLOv3-ModelCompression-MultidatasetTraining-Multibackbone.utils,utils,,Empty catch block,print_model_biases,883,/Volumes/BrokeExt/NICHE/SpursLipu_YOLOv3-ModelCompression-MultidatasetTraining-Multibackbone/utils/utils.py,Empty catch block found in print_model_biases.
SpursLipu_YOLOv3-ModelCompression-MultidatasetTraining-Multibackbone.utils,utils,,Empty catch block,create_backbone,903,/Volumes/BrokeExt/NICHE/SpursLipu_YOLOv3-ModelCompression-MultidatasetTraining-Multibackbone/utils/utils.py,Empty catch block found in create_backbone.
SpursLipu_YOLOv3-ModelCompression-MultidatasetTraining-Multibackbone.utils,utils,,Long identifier,fine_grained_imitation_feature_mask,578,/Volumes/BrokeExt/NICHE/SpursLipu_YOLOv3-ModelCompression-MultidatasetTraining-Multibackbone/utils/utils.py,Identifier'fine_grained_imitation_feature_mask' exceeds the maximum length of 30 characters.
SpursLipu_YOLOv3-ModelCompression-MultidatasetTraining-Multibackbone.utils,utils,,Long method,compute_loss,368 - 432,/Volumes/BrokeExt/NICHE/SpursLipu_YOLOv3-ModelCompression-MultidatasetTraining-Multibackbone/utils/utils.py,Method 'compute_loss' is too long (55 lines).
SpursLipu_YOLOv3-ModelCompression-MultidatasetTraining-Multibackbone.utils,utils,,Long method,compute_lost_KD5,607 - 654,/Volumes/BrokeExt/NICHE/SpursLipu_YOLOv3-ModelCompression-MultidatasetTraining-Multibackbone/utils/utils.py,Method 'compute_lost_KD5' is too long (44 lines).
SpursLipu_YOLOv3-ModelCompression-MultidatasetTraining-Multibackbone.utils,utils,,Long method,build_targets,725 - 779,/Volumes/BrokeExt/NICHE/SpursLipu_YOLOv3-ModelCompression-MultidatasetTraining-Multibackbone/utils/utils.py,Method 'build_targets' is too long (48 lines).
SpursLipu_YOLOv3-ModelCompression-MultidatasetTraining-Multibackbone.utils,utils,,Long method,non_max_suppression,782 - 860,/Volumes/BrokeExt/NICHE/SpursLipu_YOLOv3-ModelCompression-MultidatasetTraining-Multibackbone/utils/utils.py,Method 'non_max_suppression' is too long (72 lines).
SpursLipu_YOLOv3-ModelCompression-MultidatasetTraining-Multibackbone.utils,utils,,Long method,kmean_anchors,980 - 1056,/Volumes/BrokeExt/NICHE/SpursLipu_YOLOv3-ModelCompression-MultidatasetTraining-Multibackbone/utils/utils.py,Method 'kmean_anchors' is too long (50 lines).
SpursLipu_YOLOv3-ModelCompression-MultidatasetTraining-Multibackbone.utils,utils,,Long method,plot_images,1183 - 1262,/Volumes/BrokeExt/NICHE/SpursLipu_YOLOv3-ModelCompression-MultidatasetTraining-Multibackbone/utils/utils.py,Method 'plot_images' is too long (64 lines).
SpursLipu_YOLOv3-ModelCompression-MultidatasetTraining-Multibackbone.utils,utils,,Long parameter list,bbox_iou,254 - 297,/Volumes/BrokeExt/NICHE/SpursLipu_YOLOv3-ModelCompression-MultidatasetTraining-Multibackbone/utils/utils.py,"bbox_iou has 6 parameters, exceeding the max of 5."
SpursLipu_YOLOv3-ModelCompression-MultidatasetTraining-Multibackbone.utils,utils,,Long parameter list,compute_lost_KD4,524 - 564,/Volumes/BrokeExt/NICHE/SpursLipu_YOLOv3-ModelCompression-MultidatasetTraining-Multibackbone/utils/utils.py,"compute_lost_KD4 has 7 parameters, exceeding the max of 5."
SpursLipu_YOLOv3-ModelCompression-MultidatasetTraining-Multibackbone.utils,utils,,Long parameter list,compute_lost_KD5,607 - 654,/Volumes/BrokeExt/NICHE/SpursLipu_YOLOv3-ModelCompression-MultidatasetTraining-Multibackbone/utils/utils.py,"compute_lost_KD5 has 8 parameters, exceeding the max of 5."
SpursLipu_YOLOv3-ModelCompression-MultidatasetTraining-Multibackbone.utils,utils,,Long parameter list,non_max_suppression,782 - 860,/Volumes/BrokeExt/NICHE/SpursLipu_YOLOv3-ModelCompression-MultidatasetTraining-Multibackbone/utils/utils.py,"non_max_suppression has 6 parameters, exceeding the max of 5."
SpursLipu_YOLOv3-ModelCompression-MultidatasetTraining-Multibackbone.utils,utils,,Long parameter list,plot_images,1183 - 1262,/Volumes/BrokeExt/NICHE/SpursLipu_YOLOv3-ModelCompression-MultidatasetTraining-Multibackbone/utils/utils.py,"plot_images has 8 parameters, exceeding the max of 5."
SpursLipu_YOLOv3-ModelCompression-MultidatasetTraining-Multibackbone.utils,utils,,Long statement,coco_class_weights,73,/Volumes/BrokeExt/NICHE/SpursLipu_YOLOv3-ModelCompression-MultidatasetTraining-Multibackbone/utils/utils.py,A line with 489 chars in coco_class_weights exceeds the maximum length of 120 characters.
SpursLipu_YOLOv3-ModelCompression-MultidatasetTraining-Multibackbone.utils,utils,,Long statement,coco80_to_coco91_class,92,/Volumes/BrokeExt/NICHE/SpursLipu_YOLOv3-ModelCompression-MultidatasetTraining-Multibackbone/utils/utils.py,A line with 315 chars in coco80_to_coco91_class exceeds the maximum length of 120 characters.
SpursLipu_YOLOv3-ModelCompression-MultidatasetTraining-Multibackbone.utils,utils,,Long statement,ap_per_class,163,/Volumes/BrokeExt/NICHE/SpursLipu_YOLOv3-ModelCompression-MultidatasetTraining-Multibackbone/utils/utils.py,A line with 459 chars in ap_per_class exceeds the maximum length of 120 characters.
SpursLipu_YOLOv3-ModelCompression-MultidatasetTraining-Multibackbone.utils,utils,,Long statement,compute_ap,226,/Volumes/BrokeExt/NICHE/SpursLipu_YOLOv3-ModelCompression-MultidatasetTraining-Multibackbone/utils/utils.py,A line with 324 chars in compute_ap exceeds the maximum length of 120 characters.
SpursLipu_YOLOv3-ModelCompression-MultidatasetTraining-Multibackbone.utils,utils,,Long statement,bbox_iou,269,/Volumes/BrokeExt/NICHE/SpursLipu_YOLOv3-ModelCompression-MultidatasetTraining-Multibackbone/utils/utils.py,A line with 133 chars in bbox_iou exceeds the maximum length of 120 characters.
SpursLipu_YOLOv3-ModelCompression-MultidatasetTraining-Multibackbone.utils,utils,,Long statement,box_iou,302,/Volumes/BrokeExt/NICHE/SpursLipu_YOLOv3-ModelCompression-MultidatasetTraining-Multibackbone/utils/utils.py,A line with 360 chars in box_iou exceeds the maximum length of 120 characters.
SpursLipu_YOLOv3-ModelCompression-MultidatasetTraining-Multibackbone.utils,utils,,Long statement,compute_lost_KD,441,/Volumes/BrokeExt/NICHE/SpursLipu_YOLOv3-ModelCompression-MultidatasetTraining-Multibackbone/utils/utils.py,A line with 145 chars in compute_lost_KD exceeds the maximum length of 120 characters.
SpursLipu_YOLOv3-ModelCompression-MultidatasetTraining-Multibackbone.utils,utils,,Long statement,compute_lost_KD2,481,/Volumes/BrokeExt/NICHE/SpursLipu_YOLOv3-ModelCompression-MultidatasetTraining-Multibackbone/utils/utils.py,A line with 147 chars in compute_lost_KD2 exceeds the maximum length of 120 characters.
SpursLipu_YOLOv3-ModelCompression-MultidatasetTraining-Multibackbone.utils,utils,,Long statement,compute_lost_KD3,518,/Volumes/BrokeExt/NICHE/SpursLipu_YOLOv3-ModelCompression-MultidatasetTraining-Multibackbone/utils/utils.py,A line with 147 chars in compute_lost_KD3 exceeds the maximum length of 120 characters.
SpursLipu_YOLOv3-ModelCompression-MultidatasetTraining-Multibackbone.utils,utils,,Long statement,compute_lost_KD4,551,/Volumes/BrokeExt/NICHE/SpursLipu_YOLOv3-ModelCompression-MultidatasetTraining-Multibackbone/utils/utils.py,A line with 147 chars in compute_lost_KD4 exceeds the maximum length of 120 characters.
SpursLipu_YOLOv3-ModelCompression-MultidatasetTraining-Multibackbone.utils,utils,,Long statement,compute_lost_KD4,562,/Volumes/BrokeExt/NICHE/SpursLipu_YOLOv3-ModelCompression-MultidatasetTraining-Multibackbone/utils/utils.py,A line with 156 chars in compute_lost_KD4 exceeds the maximum length of 120 characters.
SpursLipu_YOLOv3-ModelCompression-MultidatasetTraining-Multibackbone.utils,utils,,Long statement,compute_lost_KD5,633,/Volumes/BrokeExt/NICHE/SpursLipu_YOLOv3-ModelCompression-MultidatasetTraining-Multibackbone/utils/utils.py,A line with 147 chars in compute_lost_KD5 exceeds the maximum length of 120 characters.
SpursLipu_YOLOv3-ModelCompression-MultidatasetTraining-Multibackbone.utils,utils,,Long statement,compute_lost_KD5,649,/Volumes/BrokeExt/NICHE/SpursLipu_YOLOv3-ModelCompression-MultidatasetTraining-Multibackbone/utils/utils.py,A line with 155 chars in compute_lost_KD5 exceeds the maximum length of 120 characters.
SpursLipu_YOLOv3-ModelCompression-MultidatasetTraining-Multibackbone.utils,utils,,Long statement,compute_lost_KD6,687,/Volumes/BrokeExt/NICHE/SpursLipu_YOLOv3-ModelCompression-MultidatasetTraining-Multibackbone/utils/utils.py,A line with 148 chars in compute_lost_KD6 exceeds the maximum length of 120 characters.
SpursLipu_YOLOv3-ModelCompression-MultidatasetTraining-Multibackbone.utils,utils,,Long statement,build_targets,775,/Volumes/BrokeExt/NICHE/SpursLipu_YOLOv3-ModelCompression-MultidatasetTraining-Multibackbone/utils/utils.py,A line with 212 chars in build_targets exceeds the maximum length of 120 characters.
SpursLipu_YOLOv3-ModelCompression-MultidatasetTraining-Multibackbone.utils,utils,,Long statement,non_max_suppression,783,/Volumes/BrokeExt/NICHE/SpursLipu_YOLOv3-ModelCompression-MultidatasetTraining-Multibackbone/utils/utils.py,A line with 145 chars in non_max_suppression exceeds the maximum length of 120 characters.
SpursLipu_YOLOv3-ModelCompression-MultidatasetTraining-Multibackbone.utils,utils,,Long statement,print_model_biases,880,/Volumes/BrokeExt/NICHE/SpursLipu_YOLOv3-ModelCompression-MultidatasetTraining-Multibackbone/utils/utils.py,A line with 226 chars in print_model_biases exceeds the maximum length of 120 characters.
SpursLipu_YOLOv3-ModelCompression-MultidatasetTraining-Multibackbone.utils,utils,,Long statement,kmean_anchors,994,/Volumes/BrokeExt/NICHE/SpursLipu_YOLOv3-ModelCompression-MultidatasetTraining-Multibackbone/utils/utils.py,A line with 155 chars in kmean_anchors exceeds the maximum length of 120 characters.
SpursLipu_YOLOv3-ModelCompression-MultidatasetTraining-Multibackbone.utils,utils,,Long statement,plot_images,1253,/Volumes/BrokeExt/NICHE/SpursLipu_YOLOv3-ModelCompression-MultidatasetTraining-Multibackbone/utils/utils.py,A line with 138 chars in plot_images exceeds the maximum length of 120 characters.
SpursLipu_YOLOv3-ModelCompression-MultidatasetTraining-Multibackbone.utils,utils,,Long statement,plot_results,1345,/Volumes/BrokeExt/NICHE/SpursLipu_YOLOv3-ModelCompression-MultidatasetTraining-Multibackbone/utils/utils.py,A line with 136 chars in plot_results exceeds the maximum length of 120 characters.
SpursLipu_YOLOv3-ModelCompression-MultidatasetTraining-Multibackbone.utils,utils,,Magic number,labels_to_class_weights,44,/Volumes/BrokeExt/NICHE/SpursLipu_YOLOv3-ModelCompression-MultidatasetTraining-Multibackbone/utils/utils.py,Magic number 80 used in labels_to_class_weights.
SpursLipu_YOLOv3-ModelCompression-MultidatasetTraining-Multibackbone.utils,utils,,Magic number,labels_to_image_weights,63,/Volumes/BrokeExt/NICHE/SpursLipu_YOLOv3-ModelCompression-MultidatasetTraining-Multibackbone/utils/utils.py,Magic number 80 used in labels_to_image_weights.
SpursLipu_YOLOv3-ModelCompression-MultidatasetTraining-Multibackbone.utils,utils,,Magic number,coco_class_weights,73,/Volumes/BrokeExt/NICHE/SpursLipu_YOLOv3-ModelCompression-MultidatasetTraining-Multibackbone/utils/utils.py,Magic number 187437 used in coco_class_weights.
SpursLipu_YOLOv3-ModelCompression-MultidatasetTraining-Multibackbone.utils,utils,,Magic number,coco_class_weights,73,/Volumes/BrokeExt/NICHE/SpursLipu_YOLOv3-ModelCompression-MultidatasetTraining-Multibackbone/utils/utils.py,Magic number 4955 used in coco_class_weights.
SpursLipu_YOLOv3-ModelCompression-MultidatasetTraining-Multibackbone.utils,utils,,Magic number,coco_class_weights,73,/Volumes/BrokeExt/NICHE/SpursLipu_YOLOv3-ModelCompression-MultidatasetTraining-Multibackbone/utils/utils.py,Magic number 30920 used in coco_class_weights.
SpursLipu_YOLOv3-ModelCompression-MultidatasetTraining-Multibackbone.utils,utils,,Magic number,coco_class_weights,73,/Volumes/BrokeExt/NICHE/SpursLipu_YOLOv3-ModelCompression-MultidatasetTraining-Multibackbone/utils/utils.py,Magic number 6033 used in coco_class_weights.
SpursLipu_YOLOv3-ModelCompression-MultidatasetTraining-Multibackbone.utils,utils,,Magic number,coco_class_weights,73,/Volumes/BrokeExt/NICHE/SpursLipu_YOLOv3-ModelCompression-MultidatasetTraining-Multibackbone/utils/utils.py,Magic number 3838 used in coco_class_weights.
SpursLipu_YOLOv3-ModelCompression-MultidatasetTraining-Multibackbone.utils,utils,,Magic number,coco_class_weights,73,/Volumes/BrokeExt/NICHE/SpursLipu_YOLOv3-ModelCompression-MultidatasetTraining-Multibackbone/utils/utils.py,Magic number 4332 used in coco_class_weights.
SpursLipu_YOLOv3-ModelCompression-MultidatasetTraining-Multibackbone.utils,utils,,Magic number,coco_class_weights,73,/Volumes/BrokeExt/NICHE/SpursLipu_YOLOv3-ModelCompression-MultidatasetTraining-Multibackbone/utils/utils.py,Magic number 3160 used in coco_class_weights.
SpursLipu_YOLOv3-ModelCompression-MultidatasetTraining-Multibackbone.utils,utils,,Magic number,coco_class_weights,73,/Volumes/BrokeExt/NICHE/SpursLipu_YOLOv3-ModelCompression-MultidatasetTraining-Multibackbone/utils/utils.py,Magic number 7051 used in coco_class_weights.
SpursLipu_YOLOv3-ModelCompression-MultidatasetTraining-Multibackbone.utils,utils,,Magic number,coco_class_weights,73,/Volumes/BrokeExt/NICHE/SpursLipu_YOLOv3-ModelCompression-MultidatasetTraining-Multibackbone/utils/utils.py,Magic number 7677 used in coco_class_weights.
SpursLipu_YOLOv3-ModelCompression-MultidatasetTraining-Multibackbone.utils,utils,,Magic number,coco_class_weights,73,/Volumes/BrokeExt/NICHE/SpursLipu_YOLOv3-ModelCompression-MultidatasetTraining-Multibackbone/utils/utils.py,Magic number 9167 used in coco_class_weights.
SpursLipu_YOLOv3-ModelCompression-MultidatasetTraining-Multibackbone.utils,utils,,Magic number,coco_class_weights,73,/Volumes/BrokeExt/NICHE/SpursLipu_YOLOv3-ModelCompression-MultidatasetTraining-Multibackbone/utils/utils.py,Magic number 1316 used in coco_class_weights.
SpursLipu_YOLOv3-ModelCompression-MultidatasetTraining-Multibackbone.utils,utils,,Magic number,coco_class_weights,73,/Volumes/BrokeExt/NICHE/SpursLipu_YOLOv3-ModelCompression-MultidatasetTraining-Multibackbone/utils/utils.py,Magic number 1372 used in coco_class_weights.
SpursLipu_YOLOv3-ModelCompression-MultidatasetTraining-Multibackbone.utils,utils,,Magic number,coco_class_weights,73,/Volumes/BrokeExt/NICHE/SpursLipu_YOLOv3-ModelCompression-MultidatasetTraining-Multibackbone/utils/utils.py,Magic number 833 used in coco_class_weights.
SpursLipu_YOLOv3-ModelCompression-MultidatasetTraining-Multibackbone.utils,utils,,Magic number,coco_class_weights,73,/Volumes/BrokeExt/NICHE/SpursLipu_YOLOv3-ModelCompression-MultidatasetTraining-Multibackbone/utils/utils.py,Magic number 6757 used in coco_class_weights.
SpursLipu_YOLOv3-ModelCompression-MultidatasetTraining-Multibackbone.utils,utils,,Magic number,coco_class_weights,73,/Volumes/BrokeExt/NICHE/SpursLipu_YOLOv3-ModelCompression-MultidatasetTraining-Multibackbone/utils/utils.py,Magic number 7355 used in coco_class_weights.
SpursLipu_YOLOv3-ModelCompression-MultidatasetTraining-Multibackbone.utils,utils,,Magic number,coco_class_weights,73,/Volumes/BrokeExt/NICHE/SpursLipu_YOLOv3-ModelCompression-MultidatasetTraining-Multibackbone/utils/utils.py,Magic number 3302 used in coco_class_weights.
SpursLipu_YOLOv3-ModelCompression-MultidatasetTraining-Multibackbone.utils,utils,,Magic number,coco_class_weights,73,/Volumes/BrokeExt/NICHE/SpursLipu_YOLOv3-ModelCompression-MultidatasetTraining-Multibackbone/utils/utils.py,Magic number 3776 used in coco_class_weights.
SpursLipu_YOLOv3-ModelCompression-MultidatasetTraining-Multibackbone.utils,utils,,Magic number,coco_class_weights,73,/Volumes/BrokeExt/NICHE/SpursLipu_YOLOv3-ModelCompression-MultidatasetTraining-Multibackbone/utils/utils.py,Magic number 4671 used in coco_class_weights.
SpursLipu_YOLOv3-ModelCompression-MultidatasetTraining-Multibackbone.utils,utils,,Magic number,coco_class_weights,74,/Volumes/BrokeExt/NICHE/SpursLipu_YOLOv3-ModelCompression-MultidatasetTraining-Multibackbone/utils/utils.py,Magic number 6769 used in coco_class_weights.
SpursLipu_YOLOv3-ModelCompression-MultidatasetTraining-Multibackbone.utils,utils,,Magic number,coco_class_weights,74,/Volumes/BrokeExt/NICHE/SpursLipu_YOLOv3-ModelCompression-MultidatasetTraining-Multibackbone/utils/utils.py,Magic number 5706 used in coco_class_weights.
SpursLipu_YOLOv3-ModelCompression-MultidatasetTraining-Multibackbone.utils,utils,,Magic number,coco_class_weights,74,/Volumes/BrokeExt/NICHE/SpursLipu_YOLOv3-ModelCompression-MultidatasetTraining-Multibackbone/utils/utils.py,Magic number 3908 used in coco_class_weights.
SpursLipu_YOLOv3-ModelCompression-MultidatasetTraining-Multibackbone.utils,utils,,Magic number,coco_class_weights,74,/Volumes/BrokeExt/NICHE/SpursLipu_YOLOv3-ModelCompression-MultidatasetTraining-Multibackbone/utils/utils.py,Magic number 903 used in coco_class_weights.
SpursLipu_YOLOv3-ModelCompression-MultidatasetTraining-Multibackbone.utils,utils,,Magic number,coco_class_weights,74,/Volumes/BrokeExt/NICHE/SpursLipu_YOLOv3-ModelCompression-MultidatasetTraining-Multibackbone/utils/utils.py,Magic number 3686 used in coco_class_weights.
SpursLipu_YOLOv3-ModelCompression-MultidatasetTraining-Multibackbone.utils,utils,,Magic number,coco_class_weights,74,/Volumes/BrokeExt/NICHE/SpursLipu_YOLOv3-ModelCompression-MultidatasetTraining-Multibackbone/utils/utils.py,Magic number 3596 used in coco_class_weights.
SpursLipu_YOLOv3-ModelCompression-MultidatasetTraining-Multibackbone.utils,utils,,Magic number,coco_class_weights,74,/Volumes/BrokeExt/NICHE/SpursLipu_YOLOv3-ModelCompression-MultidatasetTraining-Multibackbone/utils/utils.py,Magic number 6200 used in coco_class_weights.
SpursLipu_YOLOv3-ModelCompression-MultidatasetTraining-Multibackbone.utils,utils,,Magic number,coco_class_weights,74,/Volumes/BrokeExt/NICHE/SpursLipu_YOLOv3-ModelCompression-MultidatasetTraining-Multibackbone/utils/utils.py,Magic number 7920 used in coco_class_weights.
SpursLipu_YOLOv3-ModelCompression-MultidatasetTraining-Multibackbone.utils,utils,,Magic number,coco_class_weights,74,/Volumes/BrokeExt/NICHE/SpursLipu_YOLOv3-ModelCompression-MultidatasetTraining-Multibackbone/utils/utils.py,Magic number 8779 used in coco_class_weights.
SpursLipu_YOLOv3-ModelCompression-MultidatasetTraining-Multibackbone.utils,utils,,Magic number,coco_class_weights,74,/Volumes/BrokeExt/NICHE/SpursLipu_YOLOv3-ModelCompression-MultidatasetTraining-Multibackbone/utils/utils.py,Magic number 4505 used in coco_class_weights.
SpursLipu_YOLOv3-ModelCompression-MultidatasetTraining-Multibackbone.utils,utils,,Magic number,coco_class_weights,74,/Volumes/BrokeExt/NICHE/SpursLipu_YOLOv3-ModelCompression-MultidatasetTraining-Multibackbone/utils/utils.py,Magic number 4272 used in coco_class_weights.
SpursLipu_YOLOv3-ModelCompression-MultidatasetTraining-Multibackbone.utils,utils,,Magic number,coco_class_weights,74,/Volumes/BrokeExt/NICHE/SpursLipu_YOLOv3-ModelCompression-MultidatasetTraining-Multibackbone/utils/utils.py,Magic number 1862 used in coco_class_weights.
SpursLipu_YOLOv3-ModelCompression-MultidatasetTraining-Multibackbone.utils,utils,,Magic number,coco_class_weights,74,/Volumes/BrokeExt/NICHE/SpursLipu_YOLOv3-ModelCompression-MultidatasetTraining-Multibackbone/utils/utils.py,Magic number 4698 used in coco_class_weights.
SpursLipu_YOLOv3-ModelCompression-MultidatasetTraining-Multibackbone.utils,utils,,Magic number,coco_class_weights,74,/Volumes/BrokeExt/NICHE/SpursLipu_YOLOv3-ModelCompression-MultidatasetTraining-Multibackbone/utils/utils.py,Magic number 1962 used in coco_class_weights.
SpursLipu_YOLOv3-ModelCompression-MultidatasetTraining-Multibackbone.utils,utils,,Magic number,coco_class_weights,74,/Volumes/BrokeExt/NICHE/SpursLipu_YOLOv3-ModelCompression-MultidatasetTraining-Multibackbone/utils/utils.py,Magic number 4403 used in coco_class_weights.
SpursLipu_YOLOv3-ModelCompression-MultidatasetTraining-Multibackbone.utils,utils,,Magic number,coco_class_weights,74,/Volumes/BrokeExt/NICHE/SpursLipu_YOLOv3-ModelCompression-MultidatasetTraining-Multibackbone/utils/utils.py,Magic number 6659 used in coco_class_weights.
SpursLipu_YOLOv3-ModelCompression-MultidatasetTraining-Multibackbone.utils,utils,,Magic number,coco_class_weights,74,/Volumes/BrokeExt/NICHE/SpursLipu_YOLOv3-ModelCompression-MultidatasetTraining-Multibackbone/utils/utils.py,Magic number 2402 used in coco_class_weights.
SpursLipu_YOLOv3-ModelCompression-MultidatasetTraining-Multibackbone.utils,utils,,Magic number,coco_class_weights,74,/Volumes/BrokeExt/NICHE/SpursLipu_YOLOv3-ModelCompression-MultidatasetTraining-Multibackbone/utils/utils.py,Magic number 2689 used in coco_class_weights.
SpursLipu_YOLOv3-ModelCompression-MultidatasetTraining-Multibackbone.utils,utils,,Magic number,coco_class_weights,75,/Volumes/BrokeExt/NICHE/SpursLipu_YOLOv3-ModelCompression-MultidatasetTraining-Multibackbone/utils/utils.py,Magic number 4012 used in coco_class_weights.
SpursLipu_YOLOv3-ModelCompression-MultidatasetTraining-Multibackbone.utils,utils,,Magic number,coco_class_weights,75,/Volumes/BrokeExt/NICHE/SpursLipu_YOLOv3-ModelCompression-MultidatasetTraining-Multibackbone/utils/utils.py,Magic number 4175 used in coco_class_weights.
SpursLipu_YOLOv3-ModelCompression-MultidatasetTraining-Multibackbone.utils,utils,,Magic number,coco_class_weights,75,/Volumes/BrokeExt/NICHE/SpursLipu_YOLOv3-ModelCompression-MultidatasetTraining-Multibackbone/utils/utils.py,Magic number 3411 used in coco_class_weights.
SpursLipu_YOLOv3-ModelCompression-MultidatasetTraining-Multibackbone.utils,utils,,Magic number,coco_class_weights,75,/Volumes/BrokeExt/NICHE/SpursLipu_YOLOv3-ModelCompression-MultidatasetTraining-Multibackbone/utils/utils.py,Magic number 17048 used in coco_class_weights.
SpursLipu_YOLOv3-ModelCompression-MultidatasetTraining-Multibackbone.utils,utils,,Magic number,coco_class_weights,75,/Volumes/BrokeExt/NICHE/SpursLipu_YOLOv3-ModelCompression-MultidatasetTraining-Multibackbone/utils/utils.py,Magic number 5637 used in coco_class_weights.
SpursLipu_YOLOv3-ModelCompression-MultidatasetTraining-Multibackbone.utils,utils,,Magic number,coco_class_weights,75,/Volumes/BrokeExt/NICHE/SpursLipu_YOLOv3-ModelCompression-MultidatasetTraining-Multibackbone/utils/utils.py,Magic number 14553 used in coco_class_weights.
SpursLipu_YOLOv3-ModelCompression-MultidatasetTraining-Multibackbone.utils,utils,,Magic number,coco_class_weights,75,/Volumes/BrokeExt/NICHE/SpursLipu_YOLOv3-ModelCompression-MultidatasetTraining-Multibackbone/utils/utils.py,Magic number 3923 used in coco_class_weights.
SpursLipu_YOLOv3-ModelCompression-MultidatasetTraining-Multibackbone.utils,utils,,Magic number,coco_class_weights,75,/Volumes/BrokeExt/NICHE/SpursLipu_YOLOv3-ModelCompression-MultidatasetTraining-Multibackbone/utils/utils.py,Magic number 5539 used in coco_class_weights.
SpursLipu_YOLOv3-ModelCompression-MultidatasetTraining-Multibackbone.utils,utils,,Magic number,coco_class_weights,75,/Volumes/BrokeExt/NICHE/SpursLipu_YOLOv3-ModelCompression-MultidatasetTraining-Multibackbone/utils/utils.py,Magic number 4289 used in coco_class_weights.
SpursLipu_YOLOv3-ModelCompression-MultidatasetTraining-Multibackbone.utils,utils,,Magic number,coco_class_weights,75,/Volumes/BrokeExt/NICHE/SpursLipu_YOLOv3-ModelCompression-MultidatasetTraining-Multibackbone/utils/utils.py,Magic number 10084 used in coco_class_weights.
SpursLipu_YOLOv3-ModelCompression-MultidatasetTraining-Multibackbone.utils,utils,,Magic number,coco_class_weights,75,/Volumes/BrokeExt/NICHE/SpursLipu_YOLOv3-ModelCompression-MultidatasetTraining-Multibackbone/utils/utils.py,Magic number 7018 used in coco_class_weights.
SpursLipu_YOLOv3-ModelCompression-MultidatasetTraining-Multibackbone.utils,utils,,Magic number,coco_class_weights,75,/Volumes/BrokeExt/NICHE/SpursLipu_YOLOv3-ModelCompression-MultidatasetTraining-Multibackbone/utils/utils.py,Magic number 4314 used in coco_class_weights.
SpursLipu_YOLOv3-ModelCompression-MultidatasetTraining-Multibackbone.utils,utils,,Magic number,coco_class_weights,75,/Volumes/BrokeExt/NICHE/SpursLipu_YOLOv3-ModelCompression-MultidatasetTraining-Multibackbone/utils/utils.py,Magic number 3099 used in coco_class_weights.
SpursLipu_YOLOv3-ModelCompression-MultidatasetTraining-Multibackbone.utils,utils,,Magic number,coco_class_weights,75,/Volumes/BrokeExt/NICHE/SpursLipu_YOLOv3-ModelCompression-MultidatasetTraining-Multibackbone/utils/utils.py,Magic number 4638 used in coco_class_weights.
SpursLipu_YOLOv3-ModelCompression-MultidatasetTraining-Multibackbone.utils,utils,,Magic number,coco_class_weights,75,/Volumes/BrokeExt/NICHE/SpursLipu_YOLOv3-ModelCompression-MultidatasetTraining-Multibackbone/utils/utils.py,Magic number 4939 used in coco_class_weights.
SpursLipu_YOLOv3-ModelCompression-MultidatasetTraining-Multibackbone.utils,utils,,Magic number,coco_class_weights,75,/Volumes/BrokeExt/NICHE/SpursLipu_YOLOv3-ModelCompression-MultidatasetTraining-Multibackbone/utils/utils.py,Magic number 5543 used in coco_class_weights.
SpursLipu_YOLOv3-ModelCompression-MultidatasetTraining-Multibackbone.utils,utils,,Magic number,coco_class_weights,75,/Volumes/BrokeExt/NICHE/SpursLipu_YOLOv3-ModelCompression-MultidatasetTraining-Multibackbone/utils/utils.py,Magic number 2038 used in coco_class_weights.
SpursLipu_YOLOv3-ModelCompression-MultidatasetTraining-Multibackbone.utils,utils,,Magic number,coco_class_weights,75,/Volumes/BrokeExt/NICHE/SpursLipu_YOLOv3-ModelCompression-MultidatasetTraining-Multibackbone/utils/utils.py,Magic number 4004 used in coco_class_weights.
SpursLipu_YOLOv3-ModelCompression-MultidatasetTraining-Multibackbone.utils,utils,,Magic number,coco_class_weights,76,/Volumes/BrokeExt/NICHE/SpursLipu_YOLOv3-ModelCompression-MultidatasetTraining-Multibackbone/utils/utils.py,Magic number 5053 used in coco_class_weights.
SpursLipu_YOLOv3-ModelCompression-MultidatasetTraining-Multibackbone.utils,utils,,Magic number,coco_class_weights,76,/Volumes/BrokeExt/NICHE/SpursLipu_YOLOv3-ModelCompression-MultidatasetTraining-Multibackbone/utils/utils.py,Magic number 4578 used in coco_class_weights.
SpursLipu_YOLOv3-ModelCompression-MultidatasetTraining-Multibackbone.utils,utils,,Magic number,coco_class_weights,76,/Volumes/BrokeExt/NICHE/SpursLipu_YOLOv3-ModelCompression-MultidatasetTraining-Multibackbone/utils/utils.py,Magic number 27292 used in coco_class_weights.
SpursLipu_YOLOv3-ModelCompression-MultidatasetTraining-Multibackbone.utils,utils,,Magic number,coco_class_weights,76,/Volumes/BrokeExt/NICHE/SpursLipu_YOLOv3-ModelCompression-MultidatasetTraining-Multibackbone/utils/utils.py,Magic number 4113 used in coco_class_weights.
SpursLipu_YOLOv3-ModelCompression-MultidatasetTraining-Multibackbone.utils,utils,,Magic number,coco_class_weights,76,/Volumes/BrokeExt/NICHE/SpursLipu_YOLOv3-ModelCompression-MultidatasetTraining-Multibackbone/utils/utils.py,Magic number 5931 used in coco_class_weights.
SpursLipu_YOLOv3-ModelCompression-MultidatasetTraining-Multibackbone.utils,utils,,Magic number,coco_class_weights,76,/Volumes/BrokeExt/NICHE/SpursLipu_YOLOv3-ModelCompression-MultidatasetTraining-Multibackbone/utils/utils.py,Magic number 2905 used in coco_class_weights.
SpursLipu_YOLOv3-ModelCompression-MultidatasetTraining-Multibackbone.utils,utils,,Magic number,coco_class_weights,76,/Volumes/BrokeExt/NICHE/SpursLipu_YOLOv3-ModelCompression-MultidatasetTraining-Multibackbone/utils/utils.py,Magic number 11174 used in coco_class_weights.
SpursLipu_YOLOv3-ModelCompression-MultidatasetTraining-Multibackbone.utils,utils,,Magic number,coco_class_weights,76,/Volumes/BrokeExt/NICHE/SpursLipu_YOLOv3-ModelCompression-MultidatasetTraining-Multibackbone/utils/utils.py,Magic number 2873 used in coco_class_weights.
SpursLipu_YOLOv3-ModelCompression-MultidatasetTraining-Multibackbone.utils,utils,,Magic number,coco_class_weights,76,/Volumes/BrokeExt/NICHE/SpursLipu_YOLOv3-ModelCompression-MultidatasetTraining-Multibackbone/utils/utils.py,Magic number 4036 used in coco_class_weights.
SpursLipu_YOLOv3-ModelCompression-MultidatasetTraining-Multibackbone.utils,utils,,Magic number,coco_class_weights,76,/Volumes/BrokeExt/NICHE/SpursLipu_YOLOv3-ModelCompression-MultidatasetTraining-Multibackbone/utils/utils.py,Magic number 3415 used in coco_class_weights.
SpursLipu_YOLOv3-ModelCompression-MultidatasetTraining-Multibackbone.utils,utils,,Magic number,coco_class_weights,76,/Volumes/BrokeExt/NICHE/SpursLipu_YOLOv3-ModelCompression-MultidatasetTraining-Multibackbone/utils/utils.py,Magic number 1517 used in coco_class_weights.
SpursLipu_YOLOv3-ModelCompression-MultidatasetTraining-Multibackbone.utils,utils,,Magic number,coco_class_weights,76,/Volumes/BrokeExt/NICHE/SpursLipu_YOLOv3-ModelCompression-MultidatasetTraining-Multibackbone/utils/utils.py,Magic number 4122 used in coco_class_weights.
SpursLipu_YOLOv3-ModelCompression-MultidatasetTraining-Multibackbone.utils,utils,,Magic number,coco_class_weights,76,/Volumes/BrokeExt/NICHE/SpursLipu_YOLOv3-ModelCompression-MultidatasetTraining-Multibackbone/utils/utils.py,Magic number 1980 used in coco_class_weights.
SpursLipu_YOLOv3-ModelCompression-MultidatasetTraining-Multibackbone.utils,utils,,Magic number,coco_class_weights,76,/Volumes/BrokeExt/NICHE/SpursLipu_YOLOv3-ModelCompression-MultidatasetTraining-Multibackbone/utils/utils.py,Magic number 4464 used in coco_class_weights.
SpursLipu_YOLOv3-ModelCompression-MultidatasetTraining-Multibackbone.utils,utils,,Magic number,coco_class_weights,76,/Volumes/BrokeExt/NICHE/SpursLipu_YOLOv3-ModelCompression-MultidatasetTraining-Multibackbone/utils/utils.py,Magic number 1190 used in coco_class_weights.
SpursLipu_YOLOv3-ModelCompression-MultidatasetTraining-Multibackbone.utils,utils,,Magic number,coco_class_weights,76,/Volumes/BrokeExt/NICHE/SpursLipu_YOLOv3-ModelCompression-MultidatasetTraining-Multibackbone/utils/utils.py,Magic number 2302 used in coco_class_weights.
SpursLipu_YOLOv3-ModelCompression-MultidatasetTraining-Multibackbone.utils,utils,,Magic number,coco_class_weights,76,/Volumes/BrokeExt/NICHE/SpursLipu_YOLOv3-ModelCompression-MultidatasetTraining-Multibackbone/utils/utils.py,Magic number 156 used in coco_class_weights.
SpursLipu_YOLOv3-ModelCompression-MultidatasetTraining-Multibackbone.utils,utils,,Magic number,coco_class_weights,76,/Volumes/BrokeExt/NICHE/SpursLipu_YOLOv3-ModelCompression-MultidatasetTraining-Multibackbone/utils/utils.py,Magic number 3933 used in coco_class_weights.
SpursLipu_YOLOv3-ModelCompression-MultidatasetTraining-Multibackbone.utils,utils,,Magic number,coco_class_weights,77,/Volumes/BrokeExt/NICHE/SpursLipu_YOLOv3-ModelCompression-MultidatasetTraining-Multibackbone/utils/utils.py,Magic number 1877 used in coco_class_weights.
SpursLipu_YOLOv3-ModelCompression-MultidatasetTraining-Multibackbone.utils,utils,,Magic number,coco_class_weights,77,/Volumes/BrokeExt/NICHE/SpursLipu_YOLOv3-ModelCompression-MultidatasetTraining-Multibackbone/utils/utils.py,Magic number 17630 used in coco_class_weights.
SpursLipu_YOLOv3-ModelCompression-MultidatasetTraining-Multibackbone.utils,utils,,Magic number,coco_class_weights,77,/Volumes/BrokeExt/NICHE/SpursLipu_YOLOv3-ModelCompression-MultidatasetTraining-Multibackbone/utils/utils.py,Magic number 4337 used in coco_class_weights.
SpursLipu_YOLOv3-ModelCompression-MultidatasetTraining-Multibackbone.utils,utils,,Magic number,coco_class_weights,77,/Volumes/BrokeExt/NICHE/SpursLipu_YOLOv3-ModelCompression-MultidatasetTraining-Multibackbone/utils/utils.py,Magic number 4624 used in coco_class_weights.
SpursLipu_YOLOv3-ModelCompression-MultidatasetTraining-Multibackbone.utils,utils,,Magic number,coco_class_weights,77,/Volumes/BrokeExt/NICHE/SpursLipu_YOLOv3-ModelCompression-MultidatasetTraining-Multibackbone/utils/utils.py,Magic number 1075 used in coco_class_weights.
SpursLipu_YOLOv3-ModelCompression-MultidatasetTraining-Multibackbone.utils,utils,,Magic number,coco_class_weights,77,/Volumes/BrokeExt/NICHE/SpursLipu_YOLOv3-ModelCompression-MultidatasetTraining-Multibackbone/utils/utils.py,Magic number 3468 used in coco_class_weights.
SpursLipu_YOLOv3-ModelCompression-MultidatasetTraining-Multibackbone.utils,utils,,Magic number,coco_class_weights,77,/Volumes/BrokeExt/NICHE/SpursLipu_YOLOv3-ModelCompression-MultidatasetTraining-Multibackbone/utils/utils.py,Magic number 135 used in coco_class_weights.
SpursLipu_YOLOv3-ModelCompression-MultidatasetTraining-Multibackbone.utils,utils,,Magic number,coco_class_weights,77,/Volumes/BrokeExt/NICHE/SpursLipu_YOLOv3-ModelCompression-MultidatasetTraining-Multibackbone/utils/utils.py,Magic number 1380 used in coco_class_weights.
SpursLipu_YOLOv3-ModelCompression-MultidatasetTraining-Multibackbone.utils,utils,,Magic number,coco80_to_coco91_class,92,/Volumes/BrokeExt/NICHE/SpursLipu_YOLOv3-ModelCompression-MultidatasetTraining-Multibackbone/utils/utils.py,Magic number 2 used in coco80_to_coco91_class.
SpursLipu_YOLOv3-ModelCompression-MultidatasetTraining-Multibackbone.utils,utils,,Magic number,coco80_to_coco91_class,92,/Volumes/BrokeExt/NICHE/SpursLipu_YOLOv3-ModelCompression-MultidatasetTraining-Multibackbone/utils/utils.py,Magic number 3 used in coco80_to_coco91_class.
SpursLipu_YOLOv3-ModelCompression-MultidatasetTraining-Multibackbone.utils,utils,,Magic number,coco80_to_coco91_class,92,/Volumes/BrokeExt/NICHE/SpursLipu_YOLOv3-ModelCompression-MultidatasetTraining-Multibackbone/utils/utils.py,Magic number 4 used in coco80_to_coco91_class.
SpursLipu_YOLOv3-ModelCompression-MultidatasetTraining-Multibackbone.utils,utils,,Magic number,coco80_to_coco91_class,92,/Volumes/BrokeExt/NICHE/SpursLipu_YOLOv3-ModelCompression-MultidatasetTraining-Multibackbone/utils/utils.py,Magic number 5 used in coco80_to_coco91_class.
SpursLipu_YOLOv3-ModelCompression-MultidatasetTraining-Multibackbone.utils,utils,,Magic number,coco80_to_coco91_class,92,/Volumes/BrokeExt/NICHE/SpursLipu_YOLOv3-ModelCompression-MultidatasetTraining-Multibackbone/utils/utils.py,Magic number 6 used in coco80_to_coco91_class.
SpursLipu_YOLOv3-ModelCompression-MultidatasetTraining-Multibackbone.utils,utils,,Magic number,coco80_to_coco91_class,92,/Volumes/BrokeExt/NICHE/SpursLipu_YOLOv3-ModelCompression-MultidatasetTraining-Multibackbone/utils/utils.py,Magic number 7 used in coco80_to_coco91_class.
SpursLipu_YOLOv3-ModelCompression-MultidatasetTraining-Multibackbone.utils,utils,,Magic number,coco80_to_coco91_class,92,/Volumes/BrokeExt/NICHE/SpursLipu_YOLOv3-ModelCompression-MultidatasetTraining-Multibackbone/utils/utils.py,Magic number 8 used in coco80_to_coco91_class.
SpursLipu_YOLOv3-ModelCompression-MultidatasetTraining-Multibackbone.utils,utils,,Magic number,coco80_to_coco91_class,92,/Volumes/BrokeExt/NICHE/SpursLipu_YOLOv3-ModelCompression-MultidatasetTraining-Multibackbone/utils/utils.py,Magic number 9 used in coco80_to_coco91_class.
SpursLipu_YOLOv3-ModelCompression-MultidatasetTraining-Multibackbone.utils,utils,,Magic number,coco80_to_coco91_class,92,/Volumes/BrokeExt/NICHE/SpursLipu_YOLOv3-ModelCompression-MultidatasetTraining-Multibackbone/utils/utils.py,Magic number 10 used in coco80_to_coco91_class.
SpursLipu_YOLOv3-ModelCompression-MultidatasetTraining-Multibackbone.utils,utils,,Magic number,coco80_to_coco91_class,92,/Volumes/BrokeExt/NICHE/SpursLipu_YOLOv3-ModelCompression-MultidatasetTraining-Multibackbone/utils/utils.py,Magic number 11 used in coco80_to_coco91_class.
SpursLipu_YOLOv3-ModelCompression-MultidatasetTraining-Multibackbone.utils,utils,,Magic number,coco80_to_coco91_class,92,/Volumes/BrokeExt/NICHE/SpursLipu_YOLOv3-ModelCompression-MultidatasetTraining-Multibackbone/utils/utils.py,Magic number 13 used in coco80_to_coco91_class.
SpursLipu_YOLOv3-ModelCompression-MultidatasetTraining-Multibackbone.utils,utils,,Magic number,coco80_to_coco91_class,92,/Volumes/BrokeExt/NICHE/SpursLipu_YOLOv3-ModelCompression-MultidatasetTraining-Multibackbone/utils/utils.py,Magic number 14 used in coco80_to_coco91_class.
SpursLipu_YOLOv3-ModelCompression-MultidatasetTraining-Multibackbone.utils,utils,,Magic number,coco80_to_coco91_class,92,/Volumes/BrokeExt/NICHE/SpursLipu_YOLOv3-ModelCompression-MultidatasetTraining-Multibackbone/utils/utils.py,Magic number 15 used in coco80_to_coco91_class.
SpursLipu_YOLOv3-ModelCompression-MultidatasetTraining-Multibackbone.utils,utils,,Magic number,coco80_to_coco91_class,92,/Volumes/BrokeExt/NICHE/SpursLipu_YOLOv3-ModelCompression-MultidatasetTraining-Multibackbone/utils/utils.py,Magic number 16 used in coco80_to_coco91_class.
SpursLipu_YOLOv3-ModelCompression-MultidatasetTraining-Multibackbone.utils,utils,,Magic number,coco80_to_coco91_class,92,/Volumes/BrokeExt/NICHE/SpursLipu_YOLOv3-ModelCompression-MultidatasetTraining-Multibackbone/utils/utils.py,Magic number 17 used in coco80_to_coco91_class.
SpursLipu_YOLOv3-ModelCompression-MultidatasetTraining-Multibackbone.utils,utils,,Magic number,coco80_to_coco91_class,92,/Volumes/BrokeExt/NICHE/SpursLipu_YOLOv3-ModelCompression-MultidatasetTraining-Multibackbone/utils/utils.py,Magic number 18 used in coco80_to_coco91_class.
SpursLipu_YOLOv3-ModelCompression-MultidatasetTraining-Multibackbone.utils,utils,,Magic number,coco80_to_coco91_class,92,/Volumes/BrokeExt/NICHE/SpursLipu_YOLOv3-ModelCompression-MultidatasetTraining-Multibackbone/utils/utils.py,Magic number 19 used in coco80_to_coco91_class.
SpursLipu_YOLOv3-ModelCompression-MultidatasetTraining-Multibackbone.utils,utils,,Magic number,coco80_to_coco91_class,92,/Volumes/BrokeExt/NICHE/SpursLipu_YOLOv3-ModelCompression-MultidatasetTraining-Multibackbone/utils/utils.py,Magic number 20 used in coco80_to_coco91_class.
SpursLipu_YOLOv3-ModelCompression-MultidatasetTraining-Multibackbone.utils,utils,,Magic number,coco80_to_coco91_class,92,/Volumes/BrokeExt/NICHE/SpursLipu_YOLOv3-ModelCompression-MultidatasetTraining-Multibackbone/utils/utils.py,Magic number 21 used in coco80_to_coco91_class.
SpursLipu_YOLOv3-ModelCompression-MultidatasetTraining-Multibackbone.utils,utils,,Magic number,coco80_to_coco91_class,92,/Volumes/BrokeExt/NICHE/SpursLipu_YOLOv3-ModelCompression-MultidatasetTraining-Multibackbone/utils/utils.py,Magic number 22 used in coco80_to_coco91_class.
SpursLipu_YOLOv3-ModelCompression-MultidatasetTraining-Multibackbone.utils,utils,,Magic number,coco80_to_coco91_class,92,/Volumes/BrokeExt/NICHE/SpursLipu_YOLOv3-ModelCompression-MultidatasetTraining-Multibackbone/utils/utils.py,Magic number 23 used in coco80_to_coco91_class.
SpursLipu_YOLOv3-ModelCompression-MultidatasetTraining-Multibackbone.utils,utils,,Magic number,coco80_to_coco91_class,92,/Volumes/BrokeExt/NICHE/SpursLipu_YOLOv3-ModelCompression-MultidatasetTraining-Multibackbone/utils/utils.py,Magic number 24 used in coco80_to_coco91_class.
SpursLipu_YOLOv3-ModelCompression-MultidatasetTraining-Multibackbone.utils,utils,,Magic number,coco80_to_coco91_class,92,/Volumes/BrokeExt/NICHE/SpursLipu_YOLOv3-ModelCompression-MultidatasetTraining-Multibackbone/utils/utils.py,Magic number 25 used in coco80_to_coco91_class.
SpursLipu_YOLOv3-ModelCompression-MultidatasetTraining-Multibackbone.utils,utils,,Magic number,coco80_to_coco91_class,92,/Volumes/BrokeExt/NICHE/SpursLipu_YOLOv3-ModelCompression-MultidatasetTraining-Multibackbone/utils/utils.py,Magic number 27 used in coco80_to_coco91_class.
SpursLipu_YOLOv3-ModelCompression-MultidatasetTraining-Multibackbone.utils,utils,,Magic number,coco80_to_coco91_class,92,/Volumes/BrokeExt/NICHE/SpursLipu_YOLOv3-ModelCompression-MultidatasetTraining-Multibackbone/utils/utils.py,Magic number 28 used in coco80_to_coco91_class.
SpursLipu_YOLOv3-ModelCompression-MultidatasetTraining-Multibackbone.utils,utils,,Magic number,coco80_to_coco91_class,92,/Volumes/BrokeExt/NICHE/SpursLipu_YOLOv3-ModelCompression-MultidatasetTraining-Multibackbone/utils/utils.py,Magic number 31 used in coco80_to_coco91_class.
SpursLipu_YOLOv3-ModelCompression-MultidatasetTraining-Multibackbone.utils,utils,,Magic number,coco80_to_coco91_class,92,/Volumes/BrokeExt/NICHE/SpursLipu_YOLOv3-ModelCompression-MultidatasetTraining-Multibackbone/utils/utils.py,Magic number 32 used in coco80_to_coco91_class.
SpursLipu_YOLOv3-ModelCompression-MultidatasetTraining-Multibackbone.utils,utils,,Magic number,coco80_to_coco91_class,92,/Volumes/BrokeExt/NICHE/SpursLipu_YOLOv3-ModelCompression-MultidatasetTraining-Multibackbone/utils/utils.py,Magic number 33 used in coco80_to_coco91_class.
SpursLipu_YOLOv3-ModelCompression-MultidatasetTraining-Multibackbone.utils,utils,,Magic number,coco80_to_coco91_class,92,/Volumes/BrokeExt/NICHE/SpursLipu_YOLOv3-ModelCompression-MultidatasetTraining-Multibackbone/utils/utils.py,Magic number 34 used in coco80_to_coco91_class.
SpursLipu_YOLOv3-ModelCompression-MultidatasetTraining-Multibackbone.utils,utils,,Magic number,coco80_to_coco91_class,93,/Volumes/BrokeExt/NICHE/SpursLipu_YOLOv3-ModelCompression-MultidatasetTraining-Multibackbone/utils/utils.py,Magic number 35 used in coco80_to_coco91_class.
SpursLipu_YOLOv3-ModelCompression-MultidatasetTraining-Multibackbone.utils,utils,,Magic number,coco80_to_coco91_class,93,/Volumes/BrokeExt/NICHE/SpursLipu_YOLOv3-ModelCompression-MultidatasetTraining-Multibackbone/utils/utils.py,Magic number 36 used in coco80_to_coco91_class.
SpursLipu_YOLOv3-ModelCompression-MultidatasetTraining-Multibackbone.utils,utils,,Magic number,coco80_to_coco91_class,93,/Volumes/BrokeExt/NICHE/SpursLipu_YOLOv3-ModelCompression-MultidatasetTraining-Multibackbone/utils/utils.py,Magic number 37 used in coco80_to_coco91_class.
SpursLipu_YOLOv3-ModelCompression-MultidatasetTraining-Multibackbone.utils,utils,,Magic number,coco80_to_coco91_class,93,/Volumes/BrokeExt/NICHE/SpursLipu_YOLOv3-ModelCompression-MultidatasetTraining-Multibackbone/utils/utils.py,Magic number 38 used in coco80_to_coco91_class.
SpursLipu_YOLOv3-ModelCompression-MultidatasetTraining-Multibackbone.utils,utils,,Magic number,coco80_to_coco91_class,93,/Volumes/BrokeExt/NICHE/SpursLipu_YOLOv3-ModelCompression-MultidatasetTraining-Multibackbone/utils/utils.py,Magic number 39 used in coco80_to_coco91_class.
SpursLipu_YOLOv3-ModelCompression-MultidatasetTraining-Multibackbone.utils,utils,,Magic number,coco80_to_coco91_class,93,/Volumes/BrokeExt/NICHE/SpursLipu_YOLOv3-ModelCompression-MultidatasetTraining-Multibackbone/utils/utils.py,Magic number 40 used in coco80_to_coco91_class.
SpursLipu_YOLOv3-ModelCompression-MultidatasetTraining-Multibackbone.utils,utils,,Magic number,coco80_to_coco91_class,93,/Volumes/BrokeExt/NICHE/SpursLipu_YOLOv3-ModelCompression-MultidatasetTraining-Multibackbone/utils/utils.py,Magic number 41 used in coco80_to_coco91_class.
SpursLipu_YOLOv3-ModelCompression-MultidatasetTraining-Multibackbone.utils,utils,,Magic number,coco80_to_coco91_class,93,/Volumes/BrokeExt/NICHE/SpursLipu_YOLOv3-ModelCompression-MultidatasetTraining-Multibackbone/utils/utils.py,Magic number 42 used in coco80_to_coco91_class.
SpursLipu_YOLOv3-ModelCompression-MultidatasetTraining-Multibackbone.utils,utils,,Magic number,coco80_to_coco91_class,93,/Volumes/BrokeExt/NICHE/SpursLipu_YOLOv3-ModelCompression-MultidatasetTraining-Multibackbone/utils/utils.py,Magic number 43 used in coco80_to_coco91_class.
SpursLipu_YOLOv3-ModelCompression-MultidatasetTraining-Multibackbone.utils,utils,,Magic number,coco80_to_coco91_class,93,/Volumes/BrokeExt/NICHE/SpursLipu_YOLOv3-ModelCompression-MultidatasetTraining-Multibackbone/utils/utils.py,Magic number 44 used in coco80_to_coco91_class.
SpursLipu_YOLOv3-ModelCompression-MultidatasetTraining-Multibackbone.utils,utils,,Magic number,coco80_to_coco91_class,93,/Volumes/BrokeExt/NICHE/SpursLipu_YOLOv3-ModelCompression-MultidatasetTraining-Multibackbone/utils/utils.py,Magic number 46 used in coco80_to_coco91_class.
SpursLipu_YOLOv3-ModelCompression-MultidatasetTraining-Multibackbone.utils,utils,,Magic number,coco80_to_coco91_class,93,/Volumes/BrokeExt/NICHE/SpursLipu_YOLOv3-ModelCompression-MultidatasetTraining-Multibackbone/utils/utils.py,Magic number 47 used in coco80_to_coco91_class.
SpursLipu_YOLOv3-ModelCompression-MultidatasetTraining-Multibackbone.utils,utils,,Magic number,coco80_to_coco91_class,93,/Volumes/BrokeExt/NICHE/SpursLipu_YOLOv3-ModelCompression-MultidatasetTraining-Multibackbone/utils/utils.py,Magic number 48 used in coco80_to_coco91_class.
SpursLipu_YOLOv3-ModelCompression-MultidatasetTraining-Multibackbone.utils,utils,,Magic number,coco80_to_coco91_class,93,/Volumes/BrokeExt/NICHE/SpursLipu_YOLOv3-ModelCompression-MultidatasetTraining-Multibackbone/utils/utils.py,Magic number 49 used in coco80_to_coco91_class.
SpursLipu_YOLOv3-ModelCompression-MultidatasetTraining-Multibackbone.utils,utils,,Magic number,coco80_to_coco91_class,93,/Volumes/BrokeExt/NICHE/SpursLipu_YOLOv3-ModelCompression-MultidatasetTraining-Multibackbone/utils/utils.py,Magic number 50 used in coco80_to_coco91_class.
SpursLipu_YOLOv3-ModelCompression-MultidatasetTraining-Multibackbone.utils,utils,,Magic number,coco80_to_coco91_class,93,/Volumes/BrokeExt/NICHE/SpursLipu_YOLOv3-ModelCompression-MultidatasetTraining-Multibackbone/utils/utils.py,Magic number 51 used in coco80_to_coco91_class.
SpursLipu_YOLOv3-ModelCompression-MultidatasetTraining-Multibackbone.utils,utils,,Magic number,coco80_to_coco91_class,93,/Volumes/BrokeExt/NICHE/SpursLipu_YOLOv3-ModelCompression-MultidatasetTraining-Multibackbone/utils/utils.py,Magic number 52 used in coco80_to_coco91_class.
SpursLipu_YOLOv3-ModelCompression-MultidatasetTraining-Multibackbone.utils,utils,,Magic number,coco80_to_coco91_class,93,/Volumes/BrokeExt/NICHE/SpursLipu_YOLOv3-ModelCompression-MultidatasetTraining-Multibackbone/utils/utils.py,Magic number 53 used in coco80_to_coco91_class.
SpursLipu_YOLOv3-ModelCompression-MultidatasetTraining-Multibackbone.utils,utils,,Magic number,coco80_to_coco91_class,93,/Volumes/BrokeExt/NICHE/SpursLipu_YOLOv3-ModelCompression-MultidatasetTraining-Multibackbone/utils/utils.py,Magic number 54 used in coco80_to_coco91_class.
SpursLipu_YOLOv3-ModelCompression-MultidatasetTraining-Multibackbone.utils,utils,,Magic number,coco80_to_coco91_class,93,/Volumes/BrokeExt/NICHE/SpursLipu_YOLOv3-ModelCompression-MultidatasetTraining-Multibackbone/utils/utils.py,Magic number 55 used in coco80_to_coco91_class.
SpursLipu_YOLOv3-ModelCompression-MultidatasetTraining-Multibackbone.utils,utils,,Magic number,coco80_to_coco91_class,93,/Volumes/BrokeExt/NICHE/SpursLipu_YOLOv3-ModelCompression-MultidatasetTraining-Multibackbone/utils/utils.py,Magic number 56 used in coco80_to_coco91_class.
SpursLipu_YOLOv3-ModelCompression-MultidatasetTraining-Multibackbone.utils,utils,,Magic number,coco80_to_coco91_class,93,/Volumes/BrokeExt/NICHE/SpursLipu_YOLOv3-ModelCompression-MultidatasetTraining-Multibackbone/utils/utils.py,Magic number 57 used in coco80_to_coco91_class.
SpursLipu_YOLOv3-ModelCompression-MultidatasetTraining-Multibackbone.utils,utils,,Magic number,coco80_to_coco91_class,93,/Volumes/BrokeExt/NICHE/SpursLipu_YOLOv3-ModelCompression-MultidatasetTraining-Multibackbone/utils/utils.py,Magic number 58 used in coco80_to_coco91_class.
SpursLipu_YOLOv3-ModelCompression-MultidatasetTraining-Multibackbone.utils,utils,,Magic number,coco80_to_coco91_class,93,/Volumes/BrokeExt/NICHE/SpursLipu_YOLOv3-ModelCompression-MultidatasetTraining-Multibackbone/utils/utils.py,Magic number 59 used in coco80_to_coco91_class.
SpursLipu_YOLOv3-ModelCompression-MultidatasetTraining-Multibackbone.utils,utils,,Magic number,coco80_to_coco91_class,93,/Volumes/BrokeExt/NICHE/SpursLipu_YOLOv3-ModelCompression-MultidatasetTraining-Multibackbone/utils/utils.py,Magic number 60 used in coco80_to_coco91_class.
SpursLipu_YOLOv3-ModelCompression-MultidatasetTraining-Multibackbone.utils,utils,,Magic number,coco80_to_coco91_class,93,/Volumes/BrokeExt/NICHE/SpursLipu_YOLOv3-ModelCompression-MultidatasetTraining-Multibackbone/utils/utils.py,Magic number 61 used in coco80_to_coco91_class.
SpursLipu_YOLOv3-ModelCompression-MultidatasetTraining-Multibackbone.utils,utils,,Magic number,coco80_to_coco91_class,93,/Volumes/BrokeExt/NICHE/SpursLipu_YOLOv3-ModelCompression-MultidatasetTraining-Multibackbone/utils/utils.py,Magic number 62 used in coco80_to_coco91_class.
SpursLipu_YOLOv3-ModelCompression-MultidatasetTraining-Multibackbone.utils,utils,,Magic number,coco80_to_coco91_class,93,/Volumes/BrokeExt/NICHE/SpursLipu_YOLOv3-ModelCompression-MultidatasetTraining-Multibackbone/utils/utils.py,Magic number 63 used in coco80_to_coco91_class.
SpursLipu_YOLOv3-ModelCompression-MultidatasetTraining-Multibackbone.utils,utils,,Magic number,coco80_to_coco91_class,94,/Volumes/BrokeExt/NICHE/SpursLipu_YOLOv3-ModelCompression-MultidatasetTraining-Multibackbone/utils/utils.py,Magic number 64 used in coco80_to_coco91_class.
SpursLipu_YOLOv3-ModelCompression-MultidatasetTraining-Multibackbone.utils,utils,,Magic number,coco80_to_coco91_class,94,/Volumes/BrokeExt/NICHE/SpursLipu_YOLOv3-ModelCompression-MultidatasetTraining-Multibackbone/utils/utils.py,Magic number 65 used in coco80_to_coco91_class.
SpursLipu_YOLOv3-ModelCompression-MultidatasetTraining-Multibackbone.utils,utils,,Magic number,coco80_to_coco91_class,94,/Volumes/BrokeExt/NICHE/SpursLipu_YOLOv3-ModelCompression-MultidatasetTraining-Multibackbone/utils/utils.py,Magic number 67 used in coco80_to_coco91_class.
SpursLipu_YOLOv3-ModelCompression-MultidatasetTraining-Multibackbone.utils,utils,,Magic number,coco80_to_coco91_class,94,/Volumes/BrokeExt/NICHE/SpursLipu_YOLOv3-ModelCompression-MultidatasetTraining-Multibackbone/utils/utils.py,Magic number 70 used in coco80_to_coco91_class.
SpursLipu_YOLOv3-ModelCompression-MultidatasetTraining-Multibackbone.utils,utils,,Magic number,coco80_to_coco91_class,94,/Volumes/BrokeExt/NICHE/SpursLipu_YOLOv3-ModelCompression-MultidatasetTraining-Multibackbone/utils/utils.py,Magic number 72 used in coco80_to_coco91_class.
SpursLipu_YOLOv3-ModelCompression-MultidatasetTraining-Multibackbone.utils,utils,,Magic number,coco80_to_coco91_class,94,/Volumes/BrokeExt/NICHE/SpursLipu_YOLOv3-ModelCompression-MultidatasetTraining-Multibackbone/utils/utils.py,Magic number 73 used in coco80_to_coco91_class.
SpursLipu_YOLOv3-ModelCompression-MultidatasetTraining-Multibackbone.utils,utils,,Magic number,coco80_to_coco91_class,94,/Volumes/BrokeExt/NICHE/SpursLipu_YOLOv3-ModelCompression-MultidatasetTraining-Multibackbone/utils/utils.py,Magic number 74 used in coco80_to_coco91_class.
SpursLipu_YOLOv3-ModelCompression-MultidatasetTraining-Multibackbone.utils,utils,,Magic number,coco80_to_coco91_class,94,/Volumes/BrokeExt/NICHE/SpursLipu_YOLOv3-ModelCompression-MultidatasetTraining-Multibackbone/utils/utils.py,Magic number 75 used in coco80_to_coco91_class.
SpursLipu_YOLOv3-ModelCompression-MultidatasetTraining-Multibackbone.utils,utils,,Magic number,coco80_to_coco91_class,94,/Volumes/BrokeExt/NICHE/SpursLipu_YOLOv3-ModelCompression-MultidatasetTraining-Multibackbone/utils/utils.py,Magic number 76 used in coco80_to_coco91_class.
SpursLipu_YOLOv3-ModelCompression-MultidatasetTraining-Multibackbone.utils,utils,,Magic number,coco80_to_coco91_class,94,/Volumes/BrokeExt/NICHE/SpursLipu_YOLOv3-ModelCompression-MultidatasetTraining-Multibackbone/utils/utils.py,Magic number 77 used in coco80_to_coco91_class.
SpursLipu_YOLOv3-ModelCompression-MultidatasetTraining-Multibackbone.utils,utils,,Magic number,coco80_to_coco91_class,94,/Volumes/BrokeExt/NICHE/SpursLipu_YOLOv3-ModelCompression-MultidatasetTraining-Multibackbone/utils/utils.py,Magic number 78 used in coco80_to_coco91_class.
SpursLipu_YOLOv3-ModelCompression-MultidatasetTraining-Multibackbone.utils,utils,,Magic number,coco80_to_coco91_class,94,/Volumes/BrokeExt/NICHE/SpursLipu_YOLOv3-ModelCompression-MultidatasetTraining-Multibackbone/utils/utils.py,Magic number 79 used in coco80_to_coco91_class.
SpursLipu_YOLOv3-ModelCompression-MultidatasetTraining-Multibackbone.utils,utils,,Magic number,coco80_to_coco91_class,94,/Volumes/BrokeExt/NICHE/SpursLipu_YOLOv3-ModelCompression-MultidatasetTraining-Multibackbone/utils/utils.py,Magic number 80 used in coco80_to_coco91_class.
SpursLipu_YOLOv3-ModelCompression-MultidatasetTraining-Multibackbone.utils,utils,,Magic number,coco80_to_coco91_class,94,/Volumes/BrokeExt/NICHE/SpursLipu_YOLOv3-ModelCompression-MultidatasetTraining-Multibackbone/utils/utils.py,Magic number 81 used in coco80_to_coco91_class.
SpursLipu_YOLOv3-ModelCompression-MultidatasetTraining-Multibackbone.utils,utils,,Magic number,coco80_to_coco91_class,94,/Volumes/BrokeExt/NICHE/SpursLipu_YOLOv3-ModelCompression-MultidatasetTraining-Multibackbone/utils/utils.py,Magic number 82 used in coco80_to_coco91_class.
SpursLipu_YOLOv3-ModelCompression-MultidatasetTraining-Multibackbone.utils,utils,,Magic number,coco80_to_coco91_class,94,/Volumes/BrokeExt/NICHE/SpursLipu_YOLOv3-ModelCompression-MultidatasetTraining-Multibackbone/utils/utils.py,Magic number 84 used in coco80_to_coco91_class.
SpursLipu_YOLOv3-ModelCompression-MultidatasetTraining-Multibackbone.utils,utils,,Magic number,coco80_to_coco91_class,94,/Volumes/BrokeExt/NICHE/SpursLipu_YOLOv3-ModelCompression-MultidatasetTraining-Multibackbone/utils/utils.py,Magic number 85 used in coco80_to_coco91_class.
SpursLipu_YOLOv3-ModelCompression-MultidatasetTraining-Multibackbone.utils,utils,,Magic number,coco80_to_coco91_class,94,/Volumes/BrokeExt/NICHE/SpursLipu_YOLOv3-ModelCompression-MultidatasetTraining-Multibackbone/utils/utils.py,Magic number 86 used in coco80_to_coco91_class.
SpursLipu_YOLOv3-ModelCompression-MultidatasetTraining-Multibackbone.utils,utils,,Magic number,coco80_to_coco91_class,94,/Volumes/BrokeExt/NICHE/SpursLipu_YOLOv3-ModelCompression-MultidatasetTraining-Multibackbone/utils/utils.py,Magic number 87 used in coco80_to_coco91_class.
SpursLipu_YOLOv3-ModelCompression-MultidatasetTraining-Multibackbone.utils,utils,,Magic number,coco80_to_coco91_class,94,/Volumes/BrokeExt/NICHE/SpursLipu_YOLOv3-ModelCompression-MultidatasetTraining-Multibackbone/utils/utils.py,Magic number 88 used in coco80_to_coco91_class.
SpursLipu_YOLOv3-ModelCompression-MultidatasetTraining-Multibackbone.utils,utils,,Magic number,coco80_to_coco91_class,94,/Volumes/BrokeExt/NICHE/SpursLipu_YOLOv3-ModelCompression-MultidatasetTraining-Multibackbone/utils/utils.py,Magic number 89 used in coco80_to_coco91_class.
SpursLipu_YOLOv3-ModelCompression-MultidatasetTraining-Multibackbone.utils,utils,,Magic number,coco80_to_coco91_class,94,/Volumes/BrokeExt/NICHE/SpursLipu_YOLOv3-ModelCompression-MultidatasetTraining-Multibackbone/utils/utils.py,Magic number 90 used in coco80_to_coco91_class.
SpursLipu_YOLOv3-ModelCompression-MultidatasetTraining-Multibackbone.utils,utils,,Magic number,xyxy2xywh,101,/Volumes/BrokeExt/NICHE/SpursLipu_YOLOv3-ModelCompression-MultidatasetTraining-Multibackbone/utils/utils.py,Magic number 2 used in xyxy2xywh.
SpursLipu_YOLOv3-ModelCompression-MultidatasetTraining-Multibackbone.utils,utils,,Magic number,xyxy2xywh,102,/Volumes/BrokeExt/NICHE/SpursLipu_YOLOv3-ModelCompression-MultidatasetTraining-Multibackbone/utils/utils.py,Magic number 2 used in xyxy2xywh.
SpursLipu_YOLOv3-ModelCompression-MultidatasetTraining-Multibackbone.utils,utils,,Magic number,xyxy2xywh,103,/Volumes/BrokeExt/NICHE/SpursLipu_YOLOv3-ModelCompression-MultidatasetTraining-Multibackbone/utils/utils.py,Magic number 2 used in xyxy2xywh.
SpursLipu_YOLOv3-ModelCompression-MultidatasetTraining-Multibackbone.utils,utils,,Magic number,xyxy2xywh,104,/Volumes/BrokeExt/NICHE/SpursLipu_YOLOv3-ModelCompression-MultidatasetTraining-Multibackbone/utils/utils.py,Magic number 3 used in xyxy2xywh.
SpursLipu_YOLOv3-ModelCompression-MultidatasetTraining-Multibackbone.utils,utils,,Magic number,xyxy2xywh,103,/Volumes/BrokeExt/NICHE/SpursLipu_YOLOv3-ModelCompression-MultidatasetTraining-Multibackbone/utils/utils.py,Magic number 2 used in xyxy2xywh.
SpursLipu_YOLOv3-ModelCompression-MultidatasetTraining-Multibackbone.utils,utils,,Magic number,xyxy2xywh,104,/Volumes/BrokeExt/NICHE/SpursLipu_YOLOv3-ModelCompression-MultidatasetTraining-Multibackbone/utils/utils.py,Magic number 3 used in xyxy2xywh.
SpursLipu_YOLOv3-ModelCompression-MultidatasetTraining-Multibackbone.utils,utils,,Magic number,xyxy2xywh,101,/Volumes/BrokeExt/NICHE/SpursLipu_YOLOv3-ModelCompression-MultidatasetTraining-Multibackbone/utils/utils.py,Magic number 2 used in xyxy2xywh.
SpursLipu_YOLOv3-ModelCompression-MultidatasetTraining-Multibackbone.utils,utils,,Magic number,xyxy2xywh,102,/Volumes/BrokeExt/NICHE/SpursLipu_YOLOv3-ModelCompression-MultidatasetTraining-Multibackbone/utils/utils.py,Magic number 3 used in xyxy2xywh.
SpursLipu_YOLOv3-ModelCompression-MultidatasetTraining-Multibackbone.utils,utils,,Magic number,xywh2xyxy,111,/Volumes/BrokeExt/NICHE/SpursLipu_YOLOv3-ModelCompression-MultidatasetTraining-Multibackbone/utils/utils.py,Magic number 2 used in xywh2xyxy.
SpursLipu_YOLOv3-ModelCompression-MultidatasetTraining-Multibackbone.utils,utils,,Magic number,xywh2xyxy,112,/Volumes/BrokeExt/NICHE/SpursLipu_YOLOv3-ModelCompression-MultidatasetTraining-Multibackbone/utils/utils.py,Magic number 2 used in xywh2xyxy.
SpursLipu_YOLOv3-ModelCompression-MultidatasetTraining-Multibackbone.utils,utils,,Magic number,xywh2xyxy,113,/Volumes/BrokeExt/NICHE/SpursLipu_YOLOv3-ModelCompression-MultidatasetTraining-Multibackbone/utils/utils.py,Magic number 2 used in xywh2xyxy.
SpursLipu_YOLOv3-ModelCompression-MultidatasetTraining-Multibackbone.utils,utils,,Magic number,xywh2xyxy,113,/Volumes/BrokeExt/NICHE/SpursLipu_YOLOv3-ModelCompression-MultidatasetTraining-Multibackbone/utils/utils.py,Magic number 2 used in xywh2xyxy.
SpursLipu_YOLOv3-ModelCompression-MultidatasetTraining-Multibackbone.utils,utils,,Magic number,xywh2xyxy,114,/Volumes/BrokeExt/NICHE/SpursLipu_YOLOv3-ModelCompression-MultidatasetTraining-Multibackbone/utils/utils.py,Magic number 3 used in xywh2xyxy.
SpursLipu_YOLOv3-ModelCompression-MultidatasetTraining-Multibackbone.utils,utils,,Magic number,xywh2xyxy,114,/Volumes/BrokeExt/NICHE/SpursLipu_YOLOv3-ModelCompression-MultidatasetTraining-Multibackbone/utils/utils.py,Magic number 2 used in xywh2xyxy.
SpursLipu_YOLOv3-ModelCompression-MultidatasetTraining-Multibackbone.utils,utils,,Magic number,xywh2xyxy,111,/Volumes/BrokeExt/NICHE/SpursLipu_YOLOv3-ModelCompression-MultidatasetTraining-Multibackbone/utils/utils.py,Magic number 2 used in xywh2xyxy.
SpursLipu_YOLOv3-ModelCompression-MultidatasetTraining-Multibackbone.utils,utils,,Magic number,xywh2xyxy,112,/Volumes/BrokeExt/NICHE/SpursLipu_YOLOv3-ModelCompression-MultidatasetTraining-Multibackbone/utils/utils.py,Magic number 3 used in xywh2xyxy.
SpursLipu_YOLOv3-ModelCompression-MultidatasetTraining-Multibackbone.utils,utils,,Magic number,xywh2xyxy,113,/Volumes/BrokeExt/NICHE/SpursLipu_YOLOv3-ModelCompression-MultidatasetTraining-Multibackbone/utils/utils.py,Magic number 2 used in xywh2xyxy.
SpursLipu_YOLOv3-ModelCompression-MultidatasetTraining-Multibackbone.utils,utils,,Magic number,xywh2xyxy,114,/Volumes/BrokeExt/NICHE/SpursLipu_YOLOv3-ModelCompression-MultidatasetTraining-Multibackbone/utils/utils.py,Magic number 3 used in xywh2xyxy.
SpursLipu_YOLOv3-ModelCompression-MultidatasetTraining-Multibackbone.utils,utils,,Magic number,scale_coords,142,/Volumes/BrokeExt/NICHE/SpursLipu_YOLOv3-ModelCompression-MultidatasetTraining-Multibackbone/utils/utils.py,Magic number 2 used in scale_coords.
SpursLipu_YOLOv3-ModelCompression-MultidatasetTraining-Multibackbone.utils,utils,,Magic number,scale_coords,142,/Volumes/BrokeExt/NICHE/SpursLipu_YOLOv3-ModelCompression-MultidatasetTraining-Multibackbone/utils/utils.py,Magic number 2 used in scale_coords.
SpursLipu_YOLOv3-ModelCompression-MultidatasetTraining-Multibackbone.utils,utils,,Magic number,scale_coords,147,/Volumes/BrokeExt/NICHE/SpursLipu_YOLOv3-ModelCompression-MultidatasetTraining-Multibackbone/utils/utils.py,Magic number 2 used in scale_coords.
SpursLipu_YOLOv3-ModelCompression-MultidatasetTraining-Multibackbone.utils,utils,,Magic number,scale_coords,148,/Volumes/BrokeExt/NICHE/SpursLipu_YOLOv3-ModelCompression-MultidatasetTraining-Multibackbone/utils/utils.py,Magic number 3 used in scale_coords.
SpursLipu_YOLOv3-ModelCompression-MultidatasetTraining-Multibackbone.utils,utils,,Magic number,scale_coords,149,/Volumes/BrokeExt/NICHE/SpursLipu_YOLOv3-ModelCompression-MultidatasetTraining-Multibackbone/utils/utils.py,Magic number 4 used in scale_coords.
SpursLipu_YOLOv3-ModelCompression-MultidatasetTraining-Multibackbone.utils,utils,,Magic number,ap_per_class,182,/Volumes/BrokeExt/NICHE/SpursLipu_YOLOv3-ModelCompression-MultidatasetTraining-Multibackbone/utils/utils.py,Magic number 0.1 used in ap_per_class.
SpursLipu_YOLOv3-ModelCompression-MultidatasetTraining-Multibackbone.utils,utils,,Magic number,ap_per_class,220,/Volumes/BrokeExt/NICHE/SpursLipu_YOLOv3-ModelCompression-MultidatasetTraining-Multibackbone/utils/utils.py,Magic number 1e-16 used in ap_per_class.
SpursLipu_YOLOv3-ModelCompression-MultidatasetTraining-Multibackbone.utils,utils,,Magic number,ap_per_class,220,/Volumes/BrokeExt/NICHE/SpursLipu_YOLOv3-ModelCompression-MultidatasetTraining-Multibackbone/utils/utils.py,Magic number 2 used in ap_per_class.
SpursLipu_YOLOv3-ModelCompression-MultidatasetTraining-Multibackbone.utils,utils,,Magic number,ap_per_class,198,/Volumes/BrokeExt/NICHE/SpursLipu_YOLOv3-ModelCompression-MultidatasetTraining-Multibackbone/utils/utils.py,Magic number 1e-16 used in ap_per_class.
SpursLipu_YOLOv3-ModelCompression-MultidatasetTraining-Multibackbone.utils,utils,,Magic number,bbox_iou,260,/Volumes/BrokeExt/NICHE/SpursLipu_YOLOv3-ModelCompression-MultidatasetTraining-Multibackbone/utils/utils.py,Magic number 2 used in bbox_iou.
SpursLipu_YOLOv3-ModelCompression-MultidatasetTraining-Multibackbone.utils,utils,,Magic number,bbox_iou,260,/Volumes/BrokeExt/NICHE/SpursLipu_YOLOv3-ModelCompression-MultidatasetTraining-Multibackbone/utils/utils.py,Magic number 3 used in bbox_iou.
SpursLipu_YOLOv3-ModelCompression-MultidatasetTraining-Multibackbone.utils,utils,,Magic number,bbox_iou,261,/Volumes/BrokeExt/NICHE/SpursLipu_YOLOv3-ModelCompression-MultidatasetTraining-Multibackbone/utils/utils.py,Magic number 2 used in bbox_iou.
SpursLipu_YOLOv3-ModelCompression-MultidatasetTraining-Multibackbone.utils,utils,,Magic number,bbox_iou,261,/Volumes/BrokeExt/NICHE/SpursLipu_YOLOv3-ModelCompression-MultidatasetTraining-Multibackbone/utils/utils.py,Magic number 3 used in bbox_iou.
SpursLipu_YOLOv3-ModelCompression-MultidatasetTraining-Multibackbone.utils,utils,,Magic number,bbox_iou,275,/Volumes/BrokeExt/NICHE/SpursLipu_YOLOv3-ModelCompression-MultidatasetTraining-Multibackbone/utils/utils.py,Magic number 1e-16 used in bbox_iou.
SpursLipu_YOLOv3-ModelCompression-MultidatasetTraining-Multibackbone.utils,utils,,Magic number,bbox_iou,282,/Volumes/BrokeExt/NICHE/SpursLipu_YOLOv3-ModelCompression-MultidatasetTraining-Multibackbone/utils/utils.py,Magic number 1e-16 used in bbox_iou.
SpursLipu_YOLOv3-ModelCompression-MultidatasetTraining-Multibackbone.utils,utils,,Magic number,bbox_iou,286,/Volumes/BrokeExt/NICHE/SpursLipu_YOLOv3-ModelCompression-MultidatasetTraining-Multibackbone/utils/utils.py,Magic number 1e-16 used in bbox_iou.
SpursLipu_YOLOv3-ModelCompression-MultidatasetTraining-Multibackbone.utils,utils,,Magic number,bbox_iou,263,/Volumes/BrokeExt/NICHE/SpursLipu_YOLOv3-ModelCompression-MultidatasetTraining-Multibackbone/utils/utils.py,Magic number 2 used in bbox_iou.
SpursLipu_YOLOv3-ModelCompression-MultidatasetTraining-Multibackbone.utils,utils,,Magic number,bbox_iou,263,/Volumes/BrokeExt/NICHE/SpursLipu_YOLOv3-ModelCompression-MultidatasetTraining-Multibackbone/utils/utils.py,Magic number 2 used in bbox_iou.
SpursLipu_YOLOv3-ModelCompression-MultidatasetTraining-Multibackbone.utils,utils,,Magic number,bbox_iou,264,/Volumes/BrokeExt/NICHE/SpursLipu_YOLOv3-ModelCompression-MultidatasetTraining-Multibackbone/utils/utils.py,Magic number 2 used in bbox_iou.
SpursLipu_YOLOv3-ModelCompression-MultidatasetTraining-Multibackbone.utils,utils,,Magic number,bbox_iou,264,/Volumes/BrokeExt/NICHE/SpursLipu_YOLOv3-ModelCompression-MultidatasetTraining-Multibackbone/utils/utils.py,Magic number 2 used in bbox_iou.
SpursLipu_YOLOv3-ModelCompression-MultidatasetTraining-Multibackbone.utils,utils,,Magic number,bbox_iou,265,/Volumes/BrokeExt/NICHE/SpursLipu_YOLOv3-ModelCompression-MultidatasetTraining-Multibackbone/utils/utils.py,Magic number 2 used in bbox_iou.
SpursLipu_YOLOv3-ModelCompression-MultidatasetTraining-Multibackbone.utils,utils,,Magic number,bbox_iou,265,/Volumes/BrokeExt/NICHE/SpursLipu_YOLOv3-ModelCompression-MultidatasetTraining-Multibackbone/utils/utils.py,Magic number 2 used in bbox_iou.
SpursLipu_YOLOv3-ModelCompression-MultidatasetTraining-Multibackbone.utils,utils,,Magic number,bbox_iou,266,/Volumes/BrokeExt/NICHE/SpursLipu_YOLOv3-ModelCompression-MultidatasetTraining-Multibackbone/utils/utils.py,Magic number 2 used in bbox_iou.
SpursLipu_YOLOv3-ModelCompression-MultidatasetTraining-Multibackbone.utils,utils,,Magic number,bbox_iou,266,/Volumes/BrokeExt/NICHE/SpursLipu_YOLOv3-ModelCompression-MultidatasetTraining-Multibackbone/utils/utils.py,Magic number 2 used in bbox_iou.
SpursLipu_YOLOv3-ModelCompression-MultidatasetTraining-Multibackbone.utils,utils,,Magic number,bbox_iou,288,/Volumes/BrokeExt/NICHE/SpursLipu_YOLOv3-ModelCompression-MultidatasetTraining-Multibackbone/utils/utils.py,Magic number 4 used in bbox_iou.
SpursLipu_YOLOv3-ModelCompression-MultidatasetTraining-Multibackbone.utils,utils,,Magic number,bbox_iou,288,/Volumes/BrokeExt/NICHE/SpursLipu_YOLOv3-ModelCompression-MultidatasetTraining-Multibackbone/utils/utils.py,Magic number 4 used in bbox_iou.
SpursLipu_YOLOv3-ModelCompression-MultidatasetTraining-Multibackbone.utils,utils,,Magic number,bbox_iou,263,/Volumes/BrokeExt/NICHE/SpursLipu_YOLOv3-ModelCompression-MultidatasetTraining-Multibackbone/utils/utils.py,Magic number 2 used in bbox_iou.
SpursLipu_YOLOv3-ModelCompression-MultidatasetTraining-Multibackbone.utils,utils,,Magic number,bbox_iou,263,/Volumes/BrokeExt/NICHE/SpursLipu_YOLOv3-ModelCompression-MultidatasetTraining-Multibackbone/utils/utils.py,Magic number 2 used in bbox_iou.
SpursLipu_YOLOv3-ModelCompression-MultidatasetTraining-Multibackbone.utils,utils,,Magic number,bbox_iou,264,/Volumes/BrokeExt/NICHE/SpursLipu_YOLOv3-ModelCompression-MultidatasetTraining-Multibackbone/utils/utils.py,Magic number 3 used in bbox_iou.
SpursLipu_YOLOv3-ModelCompression-MultidatasetTraining-Multibackbone.utils,utils,,Magic number,bbox_iou,264,/Volumes/BrokeExt/NICHE/SpursLipu_YOLOv3-ModelCompression-MultidatasetTraining-Multibackbone/utils/utils.py,Magic number 3 used in bbox_iou.
SpursLipu_YOLOv3-ModelCompression-MultidatasetTraining-Multibackbone.utils,utils,,Magic number,bbox_iou,265,/Volumes/BrokeExt/NICHE/SpursLipu_YOLOv3-ModelCompression-MultidatasetTraining-Multibackbone/utils/utils.py,Magic number 2 used in bbox_iou.
SpursLipu_YOLOv3-ModelCompression-MultidatasetTraining-Multibackbone.utils,utils,,Magic number,bbox_iou,265,/Volumes/BrokeExt/NICHE/SpursLipu_YOLOv3-ModelCompression-MultidatasetTraining-Multibackbone/utils/utils.py,Magic number 2 used in bbox_iou.
SpursLipu_YOLOv3-ModelCompression-MultidatasetTraining-Multibackbone.utils,utils,,Magic number,bbox_iou,266,/Volumes/BrokeExt/NICHE/SpursLipu_YOLOv3-ModelCompression-MultidatasetTraining-Multibackbone/utils/utils.py,Magic number 3 used in bbox_iou.
SpursLipu_YOLOv3-ModelCompression-MultidatasetTraining-Multibackbone.utils,utils,,Magic number,bbox_iou,266,/Volumes/BrokeExt/NICHE/SpursLipu_YOLOv3-ModelCompression-MultidatasetTraining-Multibackbone/utils/utils.py,Magic number 3 used in bbox_iou.
SpursLipu_YOLOv3-ModelCompression-MultidatasetTraining-Multibackbone.utils,utils,,Magic number,bbox_iou,286,/Volumes/BrokeExt/NICHE/SpursLipu_YOLOv3-ModelCompression-MultidatasetTraining-Multibackbone/utils/utils.py,Magic number 2 used in bbox_iou.
SpursLipu_YOLOv3-ModelCompression-MultidatasetTraining-Multibackbone.utils,utils,,Magic number,bbox_iou,286,/Volumes/BrokeExt/NICHE/SpursLipu_YOLOv3-ModelCompression-MultidatasetTraining-Multibackbone/utils/utils.py,Magic number 2 used in bbox_iou.
SpursLipu_YOLOv3-ModelCompression-MultidatasetTraining-Multibackbone.utils,utils,,Magic number,bbox_iou,288,/Volumes/BrokeExt/NICHE/SpursLipu_YOLOv3-ModelCompression-MultidatasetTraining-Multibackbone/utils/utils.py,Magic number 2 used in bbox_iou.
SpursLipu_YOLOv3-ModelCompression-MultidatasetTraining-Multibackbone.utils,utils,,Magic number,bbox_iou,288,/Volumes/BrokeExt/NICHE/SpursLipu_YOLOv3-ModelCompression-MultidatasetTraining-Multibackbone/utils/utils.py,Magic number 2 used in bbox_iou.
SpursLipu_YOLOv3-ModelCompression-MultidatasetTraining-Multibackbone.utils,utils,,Magic number,bbox_iou,292,/Volumes/BrokeExt/NICHE/SpursLipu_YOLOv3-ModelCompression-MultidatasetTraining-Multibackbone/utils/utils.py,Magic number 4 used in bbox_iou.
SpursLipu_YOLOv3-ModelCompression-MultidatasetTraining-Multibackbone.utils,utils,,Magic number,bbox_iou,292,/Volumes/BrokeExt/NICHE/SpursLipu_YOLOv3-ModelCompression-MultidatasetTraining-Multibackbone/utils/utils.py,Magic number 2 used in bbox_iou.
SpursLipu_YOLOv3-ModelCompression-MultidatasetTraining-Multibackbone.utils,utils,,Magic number,box_iou,315,/Volumes/BrokeExt/NICHE/SpursLipu_YOLOv3-ModelCompression-MultidatasetTraining-Multibackbone/utils/utils.py,Magic number 2 used in box_iou.
SpursLipu_YOLOv3-ModelCompression-MultidatasetTraining-Multibackbone.utils,utils,,Magic number,box_iou,315,/Volumes/BrokeExt/NICHE/SpursLipu_YOLOv3-ModelCompression-MultidatasetTraining-Multibackbone/utils/utils.py,Magic number 3 used in box_iou.
SpursLipu_YOLOv3-ModelCompression-MultidatasetTraining-Multibackbone.utils,utils,,Magic number,smooth_BCE,363,/Volumes/BrokeExt/NICHE/SpursLipu_YOLOv3-ModelCompression-MultidatasetTraining-Multibackbone/utils/utils.py,Magic number 0.1 used in smooth_BCE.
SpursLipu_YOLOv3-ModelCompression-MultidatasetTraining-Multibackbone.utils,utils,,Magic number,smooth_BCE,365,/Volumes/BrokeExt/NICHE/SpursLipu_YOLOv3-ModelCompression-MultidatasetTraining-Multibackbone/utils/utils.py,Magic number 0.5 used in smooth_BCE.
SpursLipu_YOLOv3-ModelCompression-MultidatasetTraining-Multibackbone.utils,utils,,Magic number,smooth_BCE,365,/Volumes/BrokeExt/NICHE/SpursLipu_YOLOv3-ModelCompression-MultidatasetTraining-Multibackbone/utils/utils.py,Magic number 0.5 used in smooth_BCE.
SpursLipu_YOLOv3-ModelCompression-MultidatasetTraining-Multibackbone.utils,utils,,Magic number,compute_loss,426,/Volumes/BrokeExt/NICHE/SpursLipu_YOLOv3-ModelCompression-MultidatasetTraining-Multibackbone/utils/utils.py,Magic number 2 used in compute_loss.
SpursLipu_YOLOv3-ModelCompression-MultidatasetTraining-Multibackbone.utils,utils,,Magic number,compute_loss,426,/Volumes/BrokeExt/NICHE/SpursLipu_YOLOv3-ModelCompression-MultidatasetTraining-Multibackbone/utils/utils.py,Magic number 3 used in compute_loss.
SpursLipu_YOLOv3-ModelCompression-MultidatasetTraining-Multibackbone.utils,utils,,Magic number,compute_loss,429,/Volumes/BrokeExt/NICHE/SpursLipu_YOLOv3-ModelCompression-MultidatasetTraining-Multibackbone/utils/utils.py,Magic number 3 used in compute_loss.
SpursLipu_YOLOv3-ModelCompression-MultidatasetTraining-Multibackbone.utils,utils,,Magic number,compute_loss,426,/Volumes/BrokeExt/NICHE/SpursLipu_YOLOv3-ModelCompression-MultidatasetTraining-Multibackbone/utils/utils.py,Magic number 6300 used in compute_loss.
SpursLipu_YOLOv3-ModelCompression-MultidatasetTraining-Multibackbone.utils,utils,,Magic number,compute_loss,428,/Volumes/BrokeExt/NICHE/SpursLipu_YOLOv3-ModelCompression-MultidatasetTraining-Multibackbone/utils/utils.py,Magic number 3 used in compute_loss.
SpursLipu_YOLOv3-ModelCompression-MultidatasetTraining-Multibackbone.utils,utils,,Magic number,compute_lost_KD,436,/Volumes/BrokeExt/NICHE/SpursLipu_YOLOv3-ModelCompression-MultidatasetTraining-Multibackbone/utils/utils.py,Magic number 3.0 used in compute_lost_KD.
SpursLipu_YOLOv3-ModelCompression-MultidatasetTraining-Multibackbone.utils,utils,,Magic number,compute_lost_KD,437,/Volumes/BrokeExt/NICHE/SpursLipu_YOLOv3-ModelCompression-MultidatasetTraining-Multibackbone/utils/utils.py,Magic number 0.001 used in compute_lost_KD.
SpursLipu_YOLOv3-ModelCompression-MultidatasetTraining-Multibackbone.utils,utils,,Magic number,compute_lost_KD2,448,/Volumes/BrokeExt/NICHE/SpursLipu_YOLOv3-ModelCompression-MultidatasetTraining-Multibackbone/utils/utils.py,Magic number 3.0 used in compute_lost_KD2.
SpursLipu_YOLOv3-ModelCompression-MultidatasetTraining-Multibackbone.utils,utils,,Magic number,compute_lost_KD2,449,/Volumes/BrokeExt/NICHE/SpursLipu_YOLOv3-ModelCompression-MultidatasetTraining-Multibackbone/utils/utils.py,Magic number 0.0001 used in compute_lost_KD2.
SpursLipu_YOLOv3-ModelCompression-MultidatasetTraining-Multibackbone.utils,utils,,Magic number,compute_lost_KD2,449,/Volumes/BrokeExt/NICHE/SpursLipu_YOLOv3-ModelCompression-MultidatasetTraining-Multibackbone/utils/utils.py,Magic number 0.001 used in compute_lost_KD2.
SpursLipu_YOLOv3-ModelCompression-MultidatasetTraining-Multibackbone.utils,utils,,Magic number,compute_lost_KD3,491,/Volumes/BrokeExt/NICHE/SpursLipu_YOLOv3-ModelCompression-MultidatasetTraining-Multibackbone/utils/utils.py,Magic number 3.0 used in compute_lost_KD3.
SpursLipu_YOLOv3-ModelCompression-MultidatasetTraining-Multibackbone.utils,utils,,Magic number,compute_lost_KD3,492,/Volumes/BrokeExt/NICHE/SpursLipu_YOLOv3-ModelCompression-MultidatasetTraining-Multibackbone/utils/utils.py,Magic number 0.0001 used in compute_lost_KD3.
SpursLipu_YOLOv3-ModelCompression-MultidatasetTraining-Multibackbone.utils,utils,,Magic number,compute_lost_KD3,492,/Volumes/BrokeExt/NICHE/SpursLipu_YOLOv3-ModelCompression-MultidatasetTraining-Multibackbone/utils/utils.py,Magic number 0.001 used in compute_lost_KD3.
SpursLipu_YOLOv3-ModelCompression-MultidatasetTraining-Multibackbone.utils,utils,,Magic number,compute_lost_KD4,525,/Volumes/BrokeExt/NICHE/SpursLipu_YOLOv3-ModelCompression-MultidatasetTraining-Multibackbone/utils/utils.py,Magic number 3.0 used in compute_lost_KD4.
SpursLipu_YOLOv3-ModelCompression-MultidatasetTraining-Multibackbone.utils,utils,,Magic number,compute_lost_KD4,526,/Volumes/BrokeExt/NICHE/SpursLipu_YOLOv3-ModelCompression-MultidatasetTraining-Multibackbone/utils/utils.py,Magic number 0.001 used in compute_lost_KD4.
SpursLipu_YOLOv3-ModelCompression-MultidatasetTraining-Multibackbone.utils,utils,,Magic number,compute_lost_KD4,526,/Volumes/BrokeExt/NICHE/SpursLipu_YOLOv3-ModelCompression-MultidatasetTraining-Multibackbone/utils/utils.py,Magic number 0.001 used in compute_lost_KD4.
SpursLipu_YOLOv3-ModelCompression-MultidatasetTraining-Multibackbone.utils,utils,,Magic number,compute_lost_KD4,526,/Volumes/BrokeExt/NICHE/SpursLipu_YOLOv3-ModelCompression-MultidatasetTraining-Multibackbone/utils/utils.py,Magic number 0.001 used in compute_lost_KD4.
SpursLipu_YOLOv3-ModelCompression-MultidatasetTraining-Multibackbone.utils,utils,,Magic number,indices_merge,572,/Volumes/BrokeExt/NICHE/SpursLipu_YOLOv3-ModelCompression-MultidatasetTraining-Multibackbone/utils/utils.py,Magic number 2 used in indices_merge.
SpursLipu_YOLOv3-ModelCompression-MultidatasetTraining-Multibackbone.utils,utils,,Magic number,indices_merge,573,/Volumes/BrokeExt/NICHE/SpursLipu_YOLOv3-ModelCompression-MultidatasetTraining-Multibackbone/utils/utils.py,Magic number 3 used in indices_merge.
SpursLipu_YOLOv3-ModelCompression-MultidatasetTraining-Multibackbone.utils,utils,,Magic number,indices_merge,572,/Volumes/BrokeExt/NICHE/SpursLipu_YOLOv3-ModelCompression-MultidatasetTraining-Multibackbone/utils/utils.py,Magic number 2 used in indices_merge.
SpursLipu_YOLOv3-ModelCompression-MultidatasetTraining-Multibackbone.utils,utils,,Magic number,indices_merge,572,/Volumes/BrokeExt/NICHE/SpursLipu_YOLOv3-ModelCompression-MultidatasetTraining-Multibackbone/utils/utils.py,Magic number 2 used in indices_merge.
SpursLipu_YOLOv3-ModelCompression-MultidatasetTraining-Multibackbone.utils,utils,,Magic number,indices_merge,573,/Volumes/BrokeExt/NICHE/SpursLipu_YOLOv3-ModelCompression-MultidatasetTraining-Multibackbone/utils/utils.py,Magic number 3 used in indices_merge.
SpursLipu_YOLOv3-ModelCompression-MultidatasetTraining-Multibackbone.utils,utils,,Magic number,indices_merge,573,/Volumes/BrokeExt/NICHE/SpursLipu_YOLOv3-ModelCompression-MultidatasetTraining-Multibackbone/utils/utils.py,Magic number 2 used in indices_merge.
SpursLipu_YOLOv3-ModelCompression-MultidatasetTraining-Multibackbone.utils,utils,,Magic number,indices_merge,572,/Volumes/BrokeExt/NICHE/SpursLipu_YOLOv3-ModelCompression-MultidatasetTraining-Multibackbone/utils/utils.py,Magic number 5 used in indices_merge.
SpursLipu_YOLOv3-ModelCompression-MultidatasetTraining-Multibackbone.utils,utils,,Magic number,indices_merge,573,/Volumes/BrokeExt/NICHE/SpursLipu_YOLOv3-ModelCompression-MultidatasetTraining-Multibackbone/utils/utils.py,Magic number 5 used in indices_merge.
SpursLipu_YOLOv3-ModelCompression-MultidatasetTraining-Multibackbone.utils,utils,,Magic number,fine_grained_imitation_feature_mask,586,/Volumes/BrokeExt/NICHE/SpursLipu_YOLOv3-ModelCompression-MultidatasetTraining-Multibackbone/utils/utils.py,Magic number 2 used in fine_grained_imitation_feature_mask.
SpursLipu_YOLOv3-ModelCompression-MultidatasetTraining-Multibackbone.utils,utils,,Magic number,fine_grained_imitation_feature_mask,586,/Volumes/BrokeExt/NICHE/SpursLipu_YOLOv3-ModelCompression-MultidatasetTraining-Multibackbone/utils/utils.py,Magic number 5 used in fine_grained_imitation_feature_mask.
SpursLipu_YOLOv3-ModelCompression-MultidatasetTraining-Multibackbone.utils,utils,,Magic number,fine_grained_imitation_feature_mask,591,/Volumes/BrokeExt/NICHE/SpursLipu_YOLOv3-ModelCompression-MultidatasetTraining-Multibackbone/utils/utils.py,Magic number 2 used in fine_grained_imitation_feature_mask.
SpursLipu_YOLOv3-ModelCompression-MultidatasetTraining-Multibackbone.utils,utils,,Magic number,fine_grained_imitation_feature_mask,591,/Volumes/BrokeExt/NICHE/SpursLipu_YOLOv3-ModelCompression-MultidatasetTraining-Multibackbone/utils/utils.py,Magic number 5 used in fine_grained_imitation_feature_mask.
SpursLipu_YOLOv3-ModelCompression-MultidatasetTraining-Multibackbone.utils,utils,,Magic number,compute_lost_KD5,608,/Volumes/BrokeExt/NICHE/SpursLipu_YOLOv3-ModelCompression-MultidatasetTraining-Multibackbone/utils/utils.py,Magic number 3.0 used in compute_lost_KD5.
SpursLipu_YOLOv3-ModelCompression-MultidatasetTraining-Multibackbone.utils,utils,,Magic number,compute_lost_KD5,609,/Volumes/BrokeExt/NICHE/SpursLipu_YOLOv3-ModelCompression-MultidatasetTraining-Multibackbone/utils/utils.py,Magic number 0.001 used in compute_lost_KD5.
SpursLipu_YOLOv3-ModelCompression-MultidatasetTraining-Multibackbone.utils,utils,,Magic number,compute_lost_KD5,609,/Volumes/BrokeExt/NICHE/SpursLipu_YOLOv3-ModelCompression-MultidatasetTraining-Multibackbone/utils/utils.py,Magic number 0.001 used in compute_lost_KD5.
SpursLipu_YOLOv3-ModelCompression-MultidatasetTraining-Multibackbone.utils,utils,,Magic number,compute_lost_KD5,609,/Volumes/BrokeExt/NICHE/SpursLipu_YOLOv3-ModelCompression-MultidatasetTraining-Multibackbone/utils/utils.py,Magic number 0.001 used in compute_lost_KD5.
SpursLipu_YOLOv3-ModelCompression-MultidatasetTraining-Multibackbone.utils,utils,,Magic number,compute_lost_KD6,672,/Volumes/BrokeExt/NICHE/SpursLipu_YOLOv3-ModelCompression-MultidatasetTraining-Multibackbone/utils/utils.py,Magic number 3.0 used in compute_lost_KD6.
SpursLipu_YOLOv3-ModelCompression-MultidatasetTraining-Multibackbone.utils,utils,,Magic number,compute_lost_KD6,673,/Volumes/BrokeExt/NICHE/SpursLipu_YOLOv3-ModelCompression-MultidatasetTraining-Multibackbone/utils/utils.py,Magic number 0.001 used in compute_lost_KD6.
SpursLipu_YOLOv3-ModelCompression-MultidatasetTraining-Multibackbone.utils,utils,,Magic number,Failure_Case_Loss_FM,701,/Volumes/BrokeExt/NICHE/SpursLipu_YOLOv3-ModelCompression-MultidatasetTraining-Multibackbone/utils/utils.py,Magic number 2 used in Failure_Case_Loss_FM.
SpursLipu_YOLOv3-ModelCompression-MultidatasetTraining-Multibackbone.utils,utils,,Magic number,Failure_Case_Loss_FM,706,/Volumes/BrokeExt/NICHE/SpursLipu_YOLOv3-ModelCompression-MultidatasetTraining-Multibackbone/utils/utils.py,Magic number 2 used in Failure_Case_Loss_FM.
SpursLipu_YOLOv3-ModelCompression-MultidatasetTraining-Multibackbone.utils,utils,,Magic number,Failure_Case_Loss_FM,707,/Volumes/BrokeExt/NICHE/SpursLipu_YOLOv3-ModelCompression-MultidatasetTraining-Multibackbone/utils/utils.py,Magic number 2 used in Failure_Case_Loss_FM.
SpursLipu_YOLOv3-ModelCompression-MultidatasetTraining-Multibackbone.utils,utils,,Magic number,build_targets,742,/Volumes/BrokeExt/NICHE/SpursLipu_YOLOv3-ModelCompression-MultidatasetTraining-Multibackbone/utils/utils.py,Magic number 2 used in build_targets.
SpursLipu_YOLOv3-ModelCompression-MultidatasetTraining-Multibackbone.utils,utils,,Magic number,build_targets,742,/Volumes/BrokeExt/NICHE/SpursLipu_YOLOv3-ModelCompression-MultidatasetTraining-Multibackbone/utils/utils.py,Magic number 3 used in build_targets.
SpursLipu_YOLOv3-ModelCompression-MultidatasetTraining-Multibackbone.utils,utils,,Magic number,build_targets,742,/Volumes/BrokeExt/NICHE/SpursLipu_YOLOv3-ModelCompression-MultidatasetTraining-Multibackbone/utils/utils.py,Magic number 2 used in build_targets.
SpursLipu_YOLOv3-ModelCompression-MultidatasetTraining-Multibackbone.utils,utils,,Magic number,build_targets,742,/Volumes/BrokeExt/NICHE/SpursLipu_YOLOv3-ModelCompression-MultidatasetTraining-Multibackbone/utils/utils.py,Magic number 3 used in build_targets.
SpursLipu_YOLOv3-ModelCompression-MultidatasetTraining-Multibackbone.utils,utils,,Magic number,build_targets,742,/Volumes/BrokeExt/NICHE/SpursLipu_YOLOv3-ModelCompression-MultidatasetTraining-Multibackbone/utils/utils.py,Magic number 2 used in build_targets.
SpursLipu_YOLOv3-ModelCompression-MultidatasetTraining-Multibackbone.utils,utils,,Magic number,build_targets,744,/Volumes/BrokeExt/NICHE/SpursLipu_YOLOv3-ModelCompression-MultidatasetTraining-Multibackbone/utils/utils.py,Magic number 4 used in build_targets.
SpursLipu_YOLOv3-ModelCompression-MultidatasetTraining-Multibackbone.utils,utils,,Magic number,build_targets,744,/Volumes/BrokeExt/NICHE/SpursLipu_YOLOv3-ModelCompression-MultidatasetTraining-Multibackbone/utils/utils.py,Magic number 6 used in build_targets.
SpursLipu_YOLOv3-ModelCompression-MultidatasetTraining-Multibackbone.utils,utils,,Magic number,build_targets,762,/Volumes/BrokeExt/NICHE/SpursLipu_YOLOv3-ModelCompression-MultidatasetTraining-Multibackbone/utils/utils.py,Magic number 2 used in build_targets.
SpursLipu_YOLOv3-ModelCompression-MultidatasetTraining-Multibackbone.utils,utils,,Magic number,build_targets,762,/Volumes/BrokeExt/NICHE/SpursLipu_YOLOv3-ModelCompression-MultidatasetTraining-Multibackbone/utils/utils.py,Magic number 4 used in build_targets.
SpursLipu_YOLOv3-ModelCompression-MultidatasetTraining-Multibackbone.utils,utils,,Magic number,build_targets,763,/Volumes/BrokeExt/NICHE/SpursLipu_YOLOv3-ModelCompression-MultidatasetTraining-Multibackbone/utils/utils.py,Magic number 4 used in build_targets.
SpursLipu_YOLOv3-ModelCompression-MultidatasetTraining-Multibackbone.utils,utils,,Magic number,build_targets,763,/Volumes/BrokeExt/NICHE/SpursLipu_YOLOv3-ModelCompression-MultidatasetTraining-Multibackbone/utils/utils.py,Magic number 6 used in build_targets.
SpursLipu_YOLOv3-ModelCompression-MultidatasetTraining-Multibackbone.utils,utils,,Magic number,non_max_suppression,782,/Volumes/BrokeExt/NICHE/SpursLipu_YOLOv3-ModelCompression-MultidatasetTraining-Multibackbone/utils/utils.py,Magic number 0.1 used in non_max_suppression.
SpursLipu_YOLOv3-ModelCompression-MultidatasetTraining-Multibackbone.utils,utils,,Magic number,non_max_suppression,782,/Volumes/BrokeExt/NICHE/SpursLipu_YOLOv3-ModelCompression-MultidatasetTraining-Multibackbone/utils/utils.py,Magic number 0.6 used in non_max_suppression.
SpursLipu_YOLOv3-ModelCompression-MultidatasetTraining-Multibackbone.utils,utils,,Magic number,non_max_suppression,790,/Volumes/BrokeExt/NICHE/SpursLipu_YOLOv3-ModelCompression-MultidatasetTraining-Multibackbone/utils/utils.py,Magic number 2 used in non_max_suppression.
SpursLipu_YOLOv3-ModelCompression-MultidatasetTraining-Multibackbone.utils,utils,,Magic number,non_max_suppression,790,/Volumes/BrokeExt/NICHE/SpursLipu_YOLOv3-ModelCompression-MultidatasetTraining-Multibackbone/utils/utils.py,Magic number 4096 used in non_max_suppression.
SpursLipu_YOLOv3-ModelCompression-MultidatasetTraining-Multibackbone.utils,utils,,Magic number,non_max_suppression,793,/Volumes/BrokeExt/NICHE/SpursLipu_YOLOv3-ModelCompression-MultidatasetTraining-Multibackbone/utils/utils.py,Magic number 5 used in non_max_suppression.
SpursLipu_YOLOv3-ModelCompression-MultidatasetTraining-Multibackbone.utils,utils,,Magic number,non_max_suppression,844,/Volumes/BrokeExt/NICHE/SpursLipu_YOLOv3-ModelCompression-MultidatasetTraining-Multibackbone/utils/utils.py,Magic number 3000.0 used in non_max_suppression.
SpursLipu_YOLOv3-ModelCompression-MultidatasetTraining-Multibackbone.utils,utils,,Magic number,non_max_suppression,809,/Volumes/BrokeExt/NICHE/SpursLipu_YOLOv3-ModelCompression-MultidatasetTraining-Multibackbone/utils/utils.py,Magic number 5 used in non_max_suppression.
SpursLipu_YOLOv3-ModelCompression-MultidatasetTraining-Multibackbone.utils,utils,,Magic number,non_max_suppression,809,/Volumes/BrokeExt/NICHE/SpursLipu_YOLOv3-ModelCompression-MultidatasetTraining-Multibackbone/utils/utils.py,Magic number 4 used in non_max_suppression.
SpursLipu_YOLOv3-ModelCompression-MultidatasetTraining-Multibackbone.utils,utils,,Magic number,non_max_suppression,809,/Volumes/BrokeExt/NICHE/SpursLipu_YOLOv3-ModelCompression-MultidatasetTraining-Multibackbone/utils/utils.py,Magic number 5 used in non_max_suppression.
SpursLipu_YOLOv3-ModelCompression-MultidatasetTraining-Multibackbone.utils,utils,,Magic number,non_max_suppression,840,/Volumes/BrokeExt/NICHE/SpursLipu_YOLOv3-ModelCompression-MultidatasetTraining-Multibackbone/utils/utils.py,Magic number 5 used in non_max_suppression.
SpursLipu_YOLOv3-ModelCompression-MultidatasetTraining-Multibackbone.utils,utils,,Magic number,non_max_suppression,841,/Volumes/BrokeExt/NICHE/SpursLipu_YOLOv3-ModelCompression-MultidatasetTraining-Multibackbone/utils/utils.py,Magic number 4 used in non_max_suppression.
SpursLipu_YOLOv3-ModelCompression-MultidatasetTraining-Multibackbone.utils,utils,,Magic number,non_max_suppression,799,/Volumes/BrokeExt/NICHE/SpursLipu_YOLOv3-ModelCompression-MultidatasetTraining-Multibackbone/utils/utils.py,Magic number 4 used in non_max_suppression.
SpursLipu_YOLOv3-ModelCompression-MultidatasetTraining-Multibackbone.utils,utils,,Magic number,non_max_suppression,840,/Volumes/BrokeExt/NICHE/SpursLipu_YOLOv3-ModelCompression-MultidatasetTraining-Multibackbone/utils/utils.py,Magic number 5 used in non_max_suppression.
SpursLipu_YOLOv3-ModelCompression-MultidatasetTraining-Multibackbone.utils,utils,,Magic number,non_max_suppression,850,/Volumes/BrokeExt/NICHE/SpursLipu_YOLOv3-ModelCompression-MultidatasetTraining-Multibackbone/utils/utils.py,Magic number 4 used in non_max_suppression.
SpursLipu_YOLOv3-ModelCompression-MultidatasetTraining-Multibackbone.utils,utils,,Magic number,coco_class_count,910,/Volumes/BrokeExt/NICHE/SpursLipu_YOLOv3-ModelCompression-MultidatasetTraining-Multibackbone/utils/utils.py,Magic number 80 used in coco_class_count.
SpursLipu_YOLOv3-ModelCompression-MultidatasetTraining-Multibackbone.utils,utils,,Magic number,crop_images_random,935,/Volumes/BrokeExt/NICHE/SpursLipu_YOLOv3-ModelCompression-MultidatasetTraining-Multibackbone/utils/utils.py,Magic number 0.5 used in crop_images_random.
SpursLipu_YOLOv3-ModelCompression-MultidatasetTraining-Multibackbone.utils,utils,,Magic number,crop_images_random,944,/Volumes/BrokeExt/NICHE/SpursLipu_YOLOv3-ModelCompression-MultidatasetTraining-Multibackbone/utils/utils.py,Magic number 30 used in crop_images_random.
SpursLipu_YOLOv3-ModelCompression-MultidatasetTraining-Multibackbone.utils,utils,,Magic number,crop_images_random,941,/Volumes/BrokeExt/NICHE/SpursLipu_YOLOv3-ModelCompression-MultidatasetTraining-Multibackbone/utils/utils.py,Magic number 2 used in crop_images_random.
SpursLipu_YOLOv3-ModelCompression-MultidatasetTraining-Multibackbone.utils,utils,,Magic number,coco_single_class_labels,958,/Volumes/BrokeExt/NICHE/SpursLipu_YOLOv3-ModelCompression-MultidatasetTraining-Multibackbone/utils/utils.py,Magic number 43 used in coco_single_class_labels.
SpursLipu_YOLOv3-ModelCompression-MultidatasetTraining-Multibackbone.utils,utils,,Magic number,kmean_anchors,980,/Volumes/BrokeExt/NICHE/SpursLipu_YOLOv3-ModelCompression-MultidatasetTraining-Multibackbone/utils/utils.py,Magic number 9 used in kmean_anchors.
SpursLipu_YOLOv3-ModelCompression-MultidatasetTraining-Multibackbone.utils,utils,,Magic number,kmean_anchors,980,/Volumes/BrokeExt/NICHE/SpursLipu_YOLOv3-ModelCompression-MultidatasetTraining-Multibackbone/utils/utils.py,Magic number 0.2 used in kmean_anchors.
SpursLipu_YOLOv3-ModelCompression-MultidatasetTraining-Multibackbone.utils,utils,,Magic number,kmean_anchors,980,/Volumes/BrokeExt/NICHE/SpursLipu_YOLOv3-ModelCompression-MultidatasetTraining-Multibackbone/utils/utils.py,Magic number 1000 used in kmean_anchors.
SpursLipu_YOLOv3-ModelCompression-MultidatasetTraining-Multibackbone.utils,utils,,Magic number,kmean_anchors,980,/Volumes/BrokeExt/NICHE/SpursLipu_YOLOv3-ModelCompression-MultidatasetTraining-Multibackbone/utils/utils.py,Magic number 320 used in kmean_anchors.
SpursLipu_YOLOv3-ModelCompression-MultidatasetTraining-Multibackbone.utils,utils,,Magic number,kmean_anchors,980,/Volumes/BrokeExt/NICHE/SpursLipu_YOLOv3-ModelCompression-MultidatasetTraining-Multibackbone/utils/utils.py,Magic number 1024 used in kmean_anchors.
SpursLipu_YOLOv3-ModelCompression-MultidatasetTraining-Multibackbone.utils,utils,,Magic number,kmean_anchors,1008,/Volumes/BrokeExt/NICHE/SpursLipu_YOLOv3-ModelCompression-MultidatasetTraining-Multibackbone/utils/utils.py,Magic number 10 used in kmean_anchors.
SpursLipu_YOLOv3-ModelCompression-MultidatasetTraining-Multibackbone.utils,utils,,Magic number,kmean_anchors,1044,/Volumes/BrokeExt/NICHE/SpursLipu_YOLOv3-ModelCompression-MultidatasetTraining-Multibackbone/utils/utils.py,Magic number 0.9 used in kmean_anchors.
SpursLipu_YOLOv3-ModelCompression-MultidatasetTraining-Multibackbone.utils,utils,,Magic number,kmean_anchors,1044,/Volumes/BrokeExt/NICHE/SpursLipu_YOLOv3-ModelCompression-MultidatasetTraining-Multibackbone/utils/utils.py,Magic number 0.1 used in kmean_anchors.
SpursLipu_YOLOv3-ModelCompression-MultidatasetTraining-Multibackbone.utils,utils,,Magic number,kmean_anchors,1017,/Volumes/BrokeExt/NICHE/SpursLipu_YOLOv3-ModelCompression-MultidatasetTraining-Multibackbone/utils/utils.py,Magic number 9 used in kmean_anchors.
SpursLipu_YOLOv3-ModelCompression-MultidatasetTraining-Multibackbone.utils,utils,,Magic number,apply_classifier,1088,/Volumes/BrokeExt/NICHE/SpursLipu_YOLOv3-ModelCompression-MultidatasetTraining-Multibackbone/utils/utils.py,Magic number 30 used in apply_classifier.
SpursLipu_YOLOv3-ModelCompression-MultidatasetTraining-Multibackbone.utils,utils,,Magic number,apply_classifier,1104,/Volumes/BrokeExt/NICHE/SpursLipu_YOLOv3-ModelCompression-MultidatasetTraining-Multibackbone/utils/utils.py,Magic number 255.0 used in apply_classifier.
SpursLipu_YOLOv3-ModelCompression-MultidatasetTraining-Multibackbone.utils,utils,,Magic number,apply_classifier,1088,/Volumes/BrokeExt/NICHE/SpursLipu_YOLOv3-ModelCompression-MultidatasetTraining-Multibackbone/utils/utils.py,Magic number 1.3 used in apply_classifier.
SpursLipu_YOLOv3-ModelCompression-MultidatasetTraining-Multibackbone.utils,utils,,Magic number,apply_classifier,1087,/Volumes/BrokeExt/NICHE/SpursLipu_YOLOv3-ModelCompression-MultidatasetTraining-Multibackbone/utils/utils.py,Magic number 2 used in apply_classifier.
SpursLipu_YOLOv3-ModelCompression-MultidatasetTraining-Multibackbone.utils,utils,,Magic number,apply_classifier,1088,/Volumes/BrokeExt/NICHE/SpursLipu_YOLOv3-ModelCompression-MultidatasetTraining-Multibackbone/utils/utils.py,Magic number 2 used in apply_classifier.
SpursLipu_YOLOv3-ModelCompression-MultidatasetTraining-Multibackbone.utils,utils,,Magic number,apply_classifier,1089,/Volumes/BrokeExt/NICHE/SpursLipu_YOLOv3-ModelCompression-MultidatasetTraining-Multibackbone/utils/utils.py,Magic number 4 used in apply_classifier.
SpursLipu_YOLOv3-ModelCompression-MultidatasetTraining-Multibackbone.utils,utils,,Magic number,apply_classifier,1088,/Volumes/BrokeExt/NICHE/SpursLipu_YOLOv3-ModelCompression-MultidatasetTraining-Multibackbone/utils/utils.py,Magic number 2 used in apply_classifier.
SpursLipu_YOLOv3-ModelCompression-MultidatasetTraining-Multibackbone.utils,utils,,Magic number,output_to_target,1140,/Volumes/BrokeExt/NICHE/SpursLipu_YOLOv3-ModelCompression-MultidatasetTraining-Multibackbone/utils/utils.py,Magic number 4 used in output_to_target.
SpursLipu_YOLOv3-ModelCompression-MultidatasetTraining-Multibackbone.utils,utils,,Magic number,output_to_target,1135,/Volumes/BrokeExt/NICHE/SpursLipu_YOLOv3-ModelCompression-MultidatasetTraining-Multibackbone/utils/utils.py,Magic number 4 used in output_to_target.
SpursLipu_YOLOv3-ModelCompression-MultidatasetTraining-Multibackbone.utils,utils,,Magic number,output_to_target,1138,/Volumes/BrokeExt/NICHE/SpursLipu_YOLOv3-ModelCompression-MultidatasetTraining-Multibackbone/utils/utils.py,Magic number 2 used in output_to_target.
SpursLipu_YOLOv3-ModelCompression-MultidatasetTraining-Multibackbone.utils,utils,,Magic number,output_to_target,1139,/Volumes/BrokeExt/NICHE/SpursLipu_YOLOv3-ModelCompression-MultidatasetTraining-Multibackbone/utils/utils.py,Magic number 2 used in output_to_target.
SpursLipu_YOLOv3-ModelCompression-MultidatasetTraining-Multibackbone.utils,utils,,Magic number,output_to_target,1136,/Volumes/BrokeExt/NICHE/SpursLipu_YOLOv3-ModelCompression-MultidatasetTraining-Multibackbone/utils/utils.py,Magic number 2 used in output_to_target.
SpursLipu_YOLOv3-ModelCompression-MultidatasetTraining-Multibackbone.utils,utils,,Magic number,output_to_target,1137,/Volumes/BrokeExt/NICHE/SpursLipu_YOLOv3-ModelCompression-MultidatasetTraining-Multibackbone/utils/utils.py,Magic number 3 used in output_to_target.
SpursLipu_YOLOv3-ModelCompression-MultidatasetTraining-Multibackbone.utils,utils,,Magic number,plot_one_box,1158,/Volumes/BrokeExt/NICHE/SpursLipu_YOLOv3-ModelCompression-MultidatasetTraining-Multibackbone/utils/utils.py,Magic number 3 used in plot_one_box.
SpursLipu_YOLOv3-ModelCompression-MultidatasetTraining-Multibackbone.utils,utils,,Magic number,plot_wh_methods,1168,/Volumes/BrokeExt/NICHE/SpursLipu_YOLOv3-ModelCompression-MultidatasetTraining-Multibackbone/utils/utils.py,Magic number 2 used in plot_wh_methods.
SpursLipu_YOLOv3-ModelCompression-MultidatasetTraining-Multibackbone.utils,utils,,Magic number,plot_images,1183,/Volumes/BrokeExt/NICHE/SpursLipu_YOLOv3-ModelCompression-MultidatasetTraining-Multibackbone/utils/utils.py,Magic number 640 used in plot_images.
SpursLipu_YOLOv3-ModelCompression-MultidatasetTraining-Multibackbone.utils,utils,,Magic number,plot_images,1183,/Volumes/BrokeExt/NICHE/SpursLipu_YOLOv3-ModelCompression-MultidatasetTraining-Multibackbone/utils/utils.py,Magic number 16 used in plot_images.
SpursLipu_YOLOv3-ModelCompression-MultidatasetTraining-Multibackbone.utils,utils,,Magic number,plot_images,1185,/Volumes/BrokeExt/NICHE/SpursLipu_YOLOv3-ModelCompression-MultidatasetTraining-Multibackbone/utils/utils.py,Magic number 3 used in plot_images.
SpursLipu_YOLOv3-ModelCompression-MultidatasetTraining-Multibackbone.utils,utils,,Magic number,plot_images,1196,/Volumes/BrokeExt/NICHE/SpursLipu_YOLOv3-ModelCompression-MultidatasetTraining-Multibackbone/utils/utils.py,Magic number 255 used in plot_images.
SpursLipu_YOLOv3-ModelCompression-MultidatasetTraining-Multibackbone.utils,utils,,Magic number,plot_images,1234,/Volumes/BrokeExt/NICHE/SpursLipu_YOLOv3-ModelCompression-MultidatasetTraining-Multibackbone/utils/utils.py,Magic number 6 used in plot_images.
SpursLipu_YOLOv3-ModelCompression-MultidatasetTraining-Multibackbone.utils,utils,,Magic number,plot_images,1237,/Volumes/BrokeExt/NICHE/SpursLipu_YOLOv3-ModelCompression-MultidatasetTraining-Multibackbone/utils/utils.py,Magic number 2 used in plot_images.
SpursLipu_YOLOv3-ModelCompression-MultidatasetTraining-Multibackbone.utils,utils,,Magic number,plot_images,1238,/Volumes/BrokeExt/NICHE/SpursLipu_YOLOv3-ModelCompression-MultidatasetTraining-Multibackbone/utils/utils.py,Magic number 2 used in plot_images.
SpursLipu_YOLOv3-ModelCompression-MultidatasetTraining-Multibackbone.utils,utils,,Magic number,plot_images,1239,/Volumes/BrokeExt/NICHE/SpursLipu_YOLOv3-ModelCompression-MultidatasetTraining-Multibackbone/utils/utils.py,Magic number 3 used in plot_images.
SpursLipu_YOLOv3-ModelCompression-MultidatasetTraining-Multibackbone.utils,utils,,Magic number,plot_images,1240,/Volumes/BrokeExt/NICHE/SpursLipu_YOLOv3-ModelCompression-MultidatasetTraining-Multibackbone/utils/utils.py,Magic number 3 used in plot_images.
SpursLipu_YOLOv3-ModelCompression-MultidatasetTraining-Multibackbone.utils,utils,,Magic number,plot_images,1251,/Volumes/BrokeExt/NICHE/SpursLipu_YOLOv3-ModelCompression-MultidatasetTraining-Multibackbone/utils/utils.py,Magic number 40 used in plot_images.
SpursLipu_YOLOv3-ModelCompression-MultidatasetTraining-Multibackbone.utils,utils,,Magic number,plot_images,1235,/Volumes/BrokeExt/NICHE/SpursLipu_YOLOv3-ModelCompression-MultidatasetTraining-Multibackbone/utils/utils.py,Magic number 6 used in plot_images.
SpursLipu_YOLOv3-ModelCompression-MultidatasetTraining-Multibackbone.utils,utils,,Magic number,plot_images,1245,/Volumes/BrokeExt/NICHE/SpursLipu_YOLOv3-ModelCompression-MultidatasetTraining-Multibackbone/utils/utils.py,Magic number 0.1 used in plot_images.
SpursLipu_YOLOv3-ModelCompression-MultidatasetTraining-Multibackbone.utils,utils,,Magic number,plot_evolution_results,1302,/Volumes/BrokeExt/NICHE/SpursLipu_YOLOv3-ModelCompression-MultidatasetTraining-Multibackbone/utils/utils.py,Magic number 2 used in plot_evolution_results.
SpursLipu_YOLOv3-ModelCompression-MultidatasetTraining-Multibackbone.utils,utils,,Magic number,plot_evolution_results,1306,/Volumes/BrokeExt/NICHE/SpursLipu_YOLOv3-ModelCompression-MultidatasetTraining-Multibackbone/utils/utils.py,Magic number 7 used in plot_evolution_results.
SpursLipu_YOLOv3-ModelCompression-MultidatasetTraining-Multibackbone.utils,utils,,Magic number,plot_results_overlay,1329,/Volumes/BrokeExt/NICHE/SpursLipu_YOLOv3-ModelCompression-MultidatasetTraining-Multibackbone/utils/utils.py,Magic number 5 used in plot_results_overlay.
SpursLipu_YOLOv3-ModelCompression-MultidatasetTraining-Multibackbone.utils,utils,,Magic number,plot_results_overlay,1331,/Volumes/BrokeExt/NICHE/SpursLipu_YOLOv3-ModelCompression-MultidatasetTraining-Multibackbone/utils/utils.py,Magic number 2 used in plot_results_overlay.
SpursLipu_YOLOv3-ModelCompression-MultidatasetTraining-Multibackbone.utils,utils,,Magic number,plot_results,1359,/Volumes/BrokeExt/NICHE/SpursLipu_YOLOv3-ModelCompression-MultidatasetTraining-Multibackbone/utils/utils.py,Magic number 2 used in plot_results.
SpursLipu_YOLOv3-ModelCompression-MultidatasetTraining-Multibackbone.utils,utils,,Magic number,plot_results,1359,/Volumes/BrokeExt/NICHE/SpursLipu_YOLOv3-ModelCompression-MultidatasetTraining-Multibackbone/utils/utils.py,Magic number 5 used in plot_results.
SpursLipu_YOLOv3-ModelCompression-MultidatasetTraining-Multibackbone.utils,utils,,Magic number,plot_results,1359,/Volumes/BrokeExt/NICHE/SpursLipu_YOLOv3-ModelCompression-MultidatasetTraining-Multibackbone/utils/utils.py,Magic number 6 used in plot_results.
SpursLipu_YOLOv3-ModelCompression-MultidatasetTraining-Multibackbone.utils,utils,,Magic number,plot_results,1359,/Volumes/BrokeExt/NICHE/SpursLipu_YOLOv3-ModelCompression-MultidatasetTraining-Multibackbone/utils/utils.py,Magic number 7 used in plot_results.
SpursLipu_YOLOv3-ModelCompression-MultidatasetTraining-Multibackbone.utils,utils,,Magic number,plot_results,1364,/Volumes/BrokeExt/NICHE/SpursLipu_YOLOv3-ModelCompression-MultidatasetTraining-Multibackbone/utils/utils.py,Magic number 5 used in plot_results.
SpursLipu_YOLOv3-ModelCompression-MultidatasetTraining-Multibackbone.utils,utils,,Magic number,plot_results,1364,/Volumes/BrokeExt/NICHE/SpursLipu_YOLOv3-ModelCompression-MultidatasetTraining-Multibackbone/utils/utils.py,Magic number 6 used in plot_results.
SpursLipu_YOLOv3-ModelCompression-MultidatasetTraining-Multibackbone.utils,utils,,Magic number,plot_results,1364,/Volumes/BrokeExt/NICHE/SpursLipu_YOLOv3-ModelCompression-MultidatasetTraining-Multibackbone/utils/utils.py,Magic number 7 used in plot_results.
SpursLipu_YOLOv3-ModelCompression-MultidatasetTraining-Multibackbone.utils,utils,FocalLoss,Magic number,__init__,335,/Volumes/BrokeExt/NICHE/SpursLipu_YOLOv3-ModelCompression-MultidatasetTraining-Multibackbone/utils/utils.py,Magic number 1.5 used in __init__.
SpursLipu_YOLOv3-ModelCompression-MultidatasetTraining-Multibackbone.utils,utils,FocalLoss,Magic number,__init__,335,/Volumes/BrokeExt/NICHE/SpursLipu_YOLOv3-ModelCompression-MultidatasetTraining-Multibackbone/utils/utils.py,Magic number 0.25 used in __init__.
SpursLipu_YOLOv3-ModelCompression-MultidatasetTraining-Multibackbone.utils.quantized,quantized_TPSQ,TPSQ_BNFold_QuantizedConv2d_For_FPGA,Complex method,forward,404 - 572,/Volumes/BrokeExt/NICHE/SpursLipu_YOLOv3-ModelCompression-MultidatasetTraining-Multibackbone/utils/quantized/quantized_TPSQ.py,"Method 'forward' has a cyclomatic complexity of 29, exceeding the max of 6."
SpursLipu_YOLOv3-ModelCompression-MultidatasetTraining-Multibackbone.utils.quantized,quantized_TPSQ,TPSQ_BNFold_QuantizedConv2d_For_FPGA,Long identifier,,349,/Volumes/BrokeExt/NICHE/SpursLipu_YOLOv3-ModelCompression-MultidatasetTraining-Multibackbone/utils/quantized/quantized_TPSQ.py,Identifier'TPSQ_BNFold_QuantizedConv2d_For_FPGA' exceeds the maximum length of 30 characters.
SpursLipu_YOLOv3-ModelCompression-MultidatasetTraining-Multibackbone.utils.quantized,quantized_TPSQ,TPSQ_BNFold_QuantizedConv2d_For_FPGA,Long method,forward,404 - 572,/Volumes/BrokeExt/NICHE/SpursLipu_YOLOv3-ModelCompression-MultidatasetTraining-Multibackbone/utils/quantized/quantized_TPSQ.py,Method 'forward' is too long (162 lines).
SpursLipu_YOLOv3-ModelCompression-MultidatasetTraining-Multibackbone.utils.quantized,quantized_TPSQ,TPSQ_BNFold_QuantizedConv2d_For_FPGA,Long parameter list,__init__,350 - 402,/Volumes/BrokeExt/NICHE/SpursLipu_YOLOv3-ModelCompression-MultidatasetTraining-Multibackbone/utils/quantized/quantized_TPSQ.py,"__init__ has 18 parameters, exceeding the max of 5."
SpursLipu_YOLOv3-ModelCompression-MultidatasetTraining-Multibackbone.utils.quantized,quantized_TPSQ,Quantizer,Long statement,clamp,84,/Volumes/BrokeExt/NICHE/SpursLipu_YOLOv3-ModelCompression-MultidatasetTraining-Multibackbone/utils/quantized/quantized_TPSQ.py,A line with 122 chars in clamp exceeds the maximum length of 120 characters.
SpursLipu_YOLOv3-ModelCompression-MultidatasetTraining-Multibackbone.utils.quantized,quantized_TPSQ,TPSQ_BNFold_QuantizedConv2d_For_FPGA,Long statement,__init__,371,/Volumes/BrokeExt/NICHE/SpursLipu_YOLOv3-ModelCompression-MultidatasetTraining-Multibackbone/utils/quantized/quantized_TPSQ.py,A line with 170 chars in __init__ exceeds the maximum length of 120 characters.
SpursLipu_YOLOv3-ModelCompression-MultidatasetTraining-Multibackbone.utils.quantized,quantized_TPSQ,TPSQ_BNFold_QuantizedConv2d_For_FPGA,Long statement,forward,410,/Volumes/BrokeExt/NICHE/SpursLipu_YOLOv3-ModelCompression-MultidatasetTraining-Multibackbone/utils/quantized/quantized_TPSQ.py,A line with 152 chars in forward exceeds the maximum length of 120 characters.
SpursLipu_YOLOv3-ModelCompression-MultidatasetTraining-Multibackbone.utils.quantized,quantized_TPSQ,TPSQ_BNFold_QuantizedConv2d_For_FPGA,Long statement,forward,435,/Volumes/BrokeExt/NICHE/SpursLipu_YOLOv3-ModelCompression-MultidatasetTraining-Multibackbone/utils/quantized/quantized_TPSQ.py,A line with 126 chars in forward exceeds the maximum length of 120 characters.
SpursLipu_YOLOv3-ModelCompression-MultidatasetTraining-Multibackbone.utils.quantized,quantized_TPSQ,TPSQ_BNFold_QuantizedConv2d_For_FPGA,Long statement,forward,446,/Volumes/BrokeExt/NICHE/SpursLipu_YOLOv3-ModelCompression-MultidatasetTraining-Multibackbone/utils/quantized/quantized_TPSQ.py,A line with 130 chars in forward exceeds the maximum length of 120 characters.
SpursLipu_YOLOv3-ModelCompression-MultidatasetTraining-Multibackbone.utils.quantized,quantized_TPSQ,TPSQ_BNFold_QuantizedConv2d_For_FPGA,Long statement,forward,464,/Volumes/BrokeExt/NICHE/SpursLipu_YOLOv3-ModelCompression-MultidatasetTraining-Multibackbone/utils/quantized/quantized_TPSQ.py,A line with 130 chars in forward exceeds the maximum length of 120 characters.
SpursLipu_YOLOv3-ModelCompression-MultidatasetTraining-Multibackbone.utils.quantized,quantized_TPSQ,TPSQ_BNFold_QuantizedConv2d_For_FPGA,Long statement,forward,521,/Volumes/BrokeExt/NICHE/SpursLipu_YOLOv3-ModelCompression-MultidatasetTraining-Multibackbone/utils/quantized/quantized_TPSQ.py,A line with 146 chars in forward exceeds the maximum length of 120 characters.
SpursLipu_YOLOv3-ModelCompression-MultidatasetTraining-Multibackbone.utils.quantized,quantized_TPSQ,TPSQ_BNFold_QuantizedConv2d_For_FPGA,Long statement,BN_fuse,578,/Volumes/BrokeExt/NICHE/SpursLipu_YOLOv3-ModelCompression-MultidatasetTraining-Multibackbone/utils/quantized/quantized_TPSQ.py,A line with 130 chars in BN_fuse exceeds the maximum length of 120 characters.
SpursLipu_YOLOv3-ModelCompression-MultidatasetTraining-Multibackbone.utils.quantized,quantized_TPSQ,Search_Pow2,Magic number,forward,37,/Volumes/BrokeExt/NICHE/SpursLipu_YOLOv3-ModelCompression-MultidatasetTraining-Multibackbone/utils/quantized/quantized_TPSQ.py,Magic number 2 used in forward.
SpursLipu_YOLOv3-ModelCompression-MultidatasetTraining-Multibackbone.utils.quantized,quantized_TPSQ,Search_Pow2,Magic number,forward,38,/Volumes/BrokeExt/NICHE/SpursLipu_YOLOv3-ModelCompression-MultidatasetTraining-Multibackbone/utils/quantized/quantized_TPSQ.py,Magic number 2 used in forward.
SpursLipu_YOLOv3-ModelCompression-MultidatasetTraining-Multibackbone.utils.quantized,quantized_TPSQ,Quantizer,Magic number,__init__,70,/Volumes/BrokeExt/NICHE/SpursLipu_YOLOv3-ModelCompression-MultidatasetTraining-Multibackbone/utils/quantized/quantized_TPSQ.py,Magic number 0.1 used in __init__.
SpursLipu_YOLOv3-ModelCompression-MultidatasetTraining-Multibackbone.utils.quantized,quantized_TPSQ,Quantizer,Magic number,__init__,76,/Volumes/BrokeExt/NICHE/SpursLipu_YOLOv3-ModelCompression-MultidatasetTraining-Multibackbone/utils/quantized/quantized_TPSQ.py,Magic number 0.1 used in __init__.
SpursLipu_YOLOv3-ModelCompression-MultidatasetTraining-Multibackbone.utils.quantized,quantized_TPSQ,Quantizer,Magic number,clamp,84,/Volumes/BrokeExt/NICHE/SpursLipu_YOLOv3-ModelCompression-MultidatasetTraining-Multibackbone/utils/quantized/quantized_TPSQ.py,Magic number 0.5 used in clamp.
SpursLipu_YOLOv3-ModelCompression-MultidatasetTraining-Multibackbone.utils.quantized,quantized_TPSQ,Quantizer,Magic number,forward,107,/Volumes/BrokeExt/NICHE/SpursLipu_YOLOv3-ModelCompression-MultidatasetTraining-Multibackbone/utils/quantized/quantized_TPSQ.py,Magic number 32 used in forward.
SpursLipu_YOLOv3-ModelCompression-MultidatasetTraining-Multibackbone.utils.quantized,quantized_TPSQ,Quantizer,Magic number,get_quantize_value,121,/Volumes/BrokeExt/NICHE/SpursLipu_YOLOv3-ModelCompression-MultidatasetTraining-Multibackbone/utils/quantized/quantized_TPSQ.py,Magic number 32 used in get_quantize_value.
SpursLipu_YOLOv3-ModelCompression-MultidatasetTraining-Multibackbone.utils.quantized,quantized_TPSQ,Bias_Quantizer,Magic number,update_params,180,/Volumes/BrokeExt/NICHE/SpursLipu_YOLOv3-ModelCompression-MultidatasetTraining-Multibackbone/utils/quantized/quantized_TPSQ.py,Magic number 2 used in update_params.
SpursLipu_YOLOv3-ModelCompression-MultidatasetTraining-Multibackbone.utils.quantized,quantized_TPSQ,Bias_Quantizer,Magic number,update_params,181,/Volumes/BrokeExt/NICHE/SpursLipu_YOLOv3-ModelCompression-MultidatasetTraining-Multibackbone/utils/quantized/quantized_TPSQ.py,Magic number 2 used in update_params.
SpursLipu_YOLOv3-ModelCompression-MultidatasetTraining-Multibackbone.utils.quantized,quantized_TPSQ,Bias_Quantizer,Magic number,forward,210,/Volumes/BrokeExt/NICHE/SpursLipu_YOLOv3-ModelCompression-MultidatasetTraining-Multibackbone/utils/quantized/quantized_TPSQ.py,Magic number 32 used in forward.
SpursLipu_YOLOv3-ModelCompression-MultidatasetTraining-Multibackbone.utils.quantized,quantized_TPSQ,Bias_Quantizer,Magic number,get_quantize_value,226,/Volumes/BrokeExt/NICHE/SpursLipu_YOLOv3-ModelCompression-MultidatasetTraining-Multibackbone/utils/quantized/quantized_TPSQ.py,Magic number 32 used in get_quantize_value.
SpursLipu_YOLOv3-ModelCompression-MultidatasetTraining-Multibackbone.utils.quantized,quantized_TPSQ,Weight_Quantizer,Magic number,forward,256,/Volumes/BrokeExt/NICHE/SpursLipu_YOLOv3-ModelCompression-MultidatasetTraining-Multibackbone/utils/quantized/quantized_TPSQ.py,Magic number 32 used in forward.
SpursLipu_YOLOv3-ModelCompression-MultidatasetTraining-Multibackbone.utils.quantized,quantized_TPSQ,Weight_Quantizer,Magic number,forward,265,/Volumes/BrokeExt/NICHE/SpursLipu_YOLOv3-ModelCompression-MultidatasetTraining-Multibackbone/utils/quantized/quantized_TPSQ.py,Magic number 5 used in forward.
SpursLipu_YOLOv3-ModelCompression-MultidatasetTraining-Multibackbone.utils.quantized,quantized_TPSQ,Weight_Quantizer,Magic number,forward,266,/Volumes/BrokeExt/NICHE/SpursLipu_YOLOv3-ModelCompression-MultidatasetTraining-Multibackbone/utils/quantized/quantized_TPSQ.py,Magic number 100 used in forward.
SpursLipu_YOLOv3-ModelCompression-MultidatasetTraining-Multibackbone.utils.quantized,quantized_TPSQ,Activattion_Quantizer,Magic number,forward,301,/Volumes/BrokeExt/NICHE/SpursLipu_YOLOv3-ModelCompression-MultidatasetTraining-Multibackbone/utils/quantized/quantized_TPSQ.py,Magic number 32 used in forward.
SpursLipu_YOLOv3-ModelCompression-MultidatasetTraining-Multibackbone.utils.quantized,quantized_TPSQ,Activattion_Quantizer,Magic number,forward,310,/Volumes/BrokeExt/NICHE/SpursLipu_YOLOv3-ModelCompression-MultidatasetTraining-Multibackbone/utils/quantized/quantized_TPSQ.py,Magic number 5 used in forward.
SpursLipu_YOLOv3-ModelCompression-MultidatasetTraining-Multibackbone.utils.quantized,quantized_TPSQ,Activattion_Quantizer,Magic number,forward,311,/Volumes/BrokeExt/NICHE/SpursLipu_YOLOv3-ModelCompression-MultidatasetTraining-Multibackbone/utils/quantized/quantized_TPSQ.py,Magic number 100 used in forward.
SpursLipu_YOLOv3-ModelCompression-MultidatasetTraining-Multibackbone.utils.quantized,quantized_TPSQ,TPSQ_BNFold_QuantizedConv2d_For_FPGA,Magic number,__init__,360,/Volumes/BrokeExt/NICHE/SpursLipu_YOLOv3-ModelCompression-MultidatasetTraining-Multibackbone/utils/quantized/quantized_TPSQ.py,Magic number 1e-05 used in __init__.
SpursLipu_YOLOv3-ModelCompression-MultidatasetTraining-Multibackbone.utils.quantized,quantized_TPSQ,TPSQ_BNFold_QuantizedConv2d_For_FPGA,Magic number,__init__,361,/Volumes/BrokeExt/NICHE/SpursLipu_YOLOv3-ModelCompression-MultidatasetTraining-Multibackbone/utils/quantized/quantized_TPSQ.py,Magic number 0.01 used in __init__.
SpursLipu_YOLOv3-ModelCompression-MultidatasetTraining-Multibackbone.utils.quantized,quantized_TPSQ,TPSQ_BNFold_QuantizedConv2d_For_FPGA,Magic number,__init__,362,/Volumes/BrokeExt/NICHE/SpursLipu_YOLOv3-ModelCompression-MultidatasetTraining-Multibackbone/utils/quantized/quantized_TPSQ.py,Magic number 8 used in __init__.
SpursLipu_YOLOv3-ModelCompression-MultidatasetTraining-Multibackbone.utils.quantized,quantized_TPSQ,TPSQ_BNFold_QuantizedConv2d_For_FPGA,Magic number,__init__,363,/Volumes/BrokeExt/NICHE/SpursLipu_YOLOv3-ModelCompression-MultidatasetTraining-Multibackbone/utils/quantized/quantized_TPSQ.py,Magic number 8 used in __init__.
SpursLipu_YOLOv3-ModelCompression-MultidatasetTraining-Multibackbone.utils.quantized,quantized_TPSQ,TPSQ_BNFold_QuantizedConv2d_For_FPGA,Magic number,forward,535,/Volumes/BrokeExt/NICHE/SpursLipu_YOLOv3-ModelCompression-MultidatasetTraining-Multibackbone/utils/quantized/quantized_TPSQ.py,Magic number 6.0 used in forward.
SpursLipu_YOLOv3-ModelCompression-MultidatasetTraining-Multibackbone.utils.quantized,quantized_dorefa,BNFold_DorefaConv2d,Complex method,forward,242 - 425,/Volumes/BrokeExt/NICHE/SpursLipu_YOLOv3-ModelCompression-MultidatasetTraining-Multibackbone/utils/quantized/quantized_dorefa.py,"Method 'forward' has a cyclomatic complexity of 29, exceeding the max of 6."
SpursLipu_YOLOv3-ModelCompression-MultidatasetTraining-Multibackbone.utils.quantized,quantized_dorefa,BNFold_DorefaConv2d,Long method,forward,242 - 425,/Volumes/BrokeExt/NICHE/SpursLipu_YOLOv3-ModelCompression-MultidatasetTraining-Multibackbone/utils/quantized/quantized_dorefa.py,Method 'forward' is too long (177 lines).
SpursLipu_YOLOv3-ModelCompression-MultidatasetTraining-Multibackbone.utils.quantized,quantized_dorefa,DorefaConv2d,Long parameter list,__init__,130 - 155,/Volumes/BrokeExt/NICHE/SpursLipu_YOLOv3-ModelCompression-MultidatasetTraining-Multibackbone/utils/quantized/quantized_dorefa.py,"__init__ has 10 parameters, exceeding the max of 5."
SpursLipu_YOLOv3-ModelCompression-MultidatasetTraining-Multibackbone.utils.quantized,quantized_dorefa,BNFold_DorefaConv2d,Long parameter list,__init__,189 - 240,/Volumes/BrokeExt/NICHE/SpursLipu_YOLOv3-ModelCompression-MultidatasetTraining-Multibackbone/utils/quantized/quantized_dorefa.py,"__init__ has 17 parameters, exceeding the max of 5."
SpursLipu_YOLOv3-ModelCompression-MultidatasetTraining-Multibackbone.utils.quantized,quantized_dorefa,DorefaConv2d,Long statement,__init__,143,/Volumes/BrokeExt/NICHE/SpursLipu_YOLOv3-ModelCompression-MultidatasetTraining-Multibackbone/utils/quantized/quantized_dorefa.py,A line with 170 chars in __init__ exceeds the maximum length of 120 characters.
SpursLipu_YOLOv3-ModelCompression-MultidatasetTraining-Multibackbone.utils.quantized,quantized_dorefa,DorefaConv2d,Long statement,forward,163,/Volumes/BrokeExt/NICHE/SpursLipu_YOLOv3-ModelCompression-MultidatasetTraining-Multibackbone/utils/quantized/quantized_dorefa.py,A line with 149 chars in forward exceeds the maximum length of 120 characters.
SpursLipu_YOLOv3-ModelCompression-MultidatasetTraining-Multibackbone.utils.quantized,quantized_dorefa,BNFold_DorefaConv2d,Long statement,__init__,209,/Volumes/BrokeExt/NICHE/SpursLipu_YOLOv3-ModelCompression-MultidatasetTraining-Multibackbone/utils/quantized/quantized_dorefa.py,A line with 170 chars in __init__ exceeds the maximum length of 120 characters.
SpursLipu_YOLOv3-ModelCompression-MultidatasetTraining-Multibackbone.utils.quantized,quantized_dorefa,BNFold_DorefaConv2d,Long statement,forward,248,/Volumes/BrokeExt/NICHE/SpursLipu_YOLOv3-ModelCompression-MultidatasetTraining-Multibackbone/utils/quantized/quantized_dorefa.py,A line with 152 chars in forward exceeds the maximum length of 120 characters.
SpursLipu_YOLOv3-ModelCompression-MultidatasetTraining-Multibackbone.utils.quantized,quantized_dorefa,BNFold_DorefaConv2d,Long statement,forward,274,/Volumes/BrokeExt/NICHE/SpursLipu_YOLOv3-ModelCompression-MultidatasetTraining-Multibackbone/utils/quantized/quantized_dorefa.py,A line with 126 chars in forward exceeds the maximum length of 120 characters.
SpursLipu_YOLOv3-ModelCompression-MultidatasetTraining-Multibackbone.utils.quantized,quantized_dorefa,BNFold_DorefaConv2d,Long statement,forward,285,/Volumes/BrokeExt/NICHE/SpursLipu_YOLOv3-ModelCompression-MultidatasetTraining-Multibackbone/utils/quantized/quantized_dorefa.py,A line with 130 chars in forward exceeds the maximum length of 120 characters.
SpursLipu_YOLOv3-ModelCompression-MultidatasetTraining-Multibackbone.utils.quantized,quantized_dorefa,BNFold_DorefaConv2d,Long statement,forward,304,/Volumes/BrokeExt/NICHE/SpursLipu_YOLOv3-ModelCompression-MultidatasetTraining-Multibackbone/utils/quantized/quantized_dorefa.py,A line with 130 chars in forward exceeds the maximum length of 120 characters.
SpursLipu_YOLOv3-ModelCompression-MultidatasetTraining-Multibackbone.utils.quantized,quantized_dorefa,BNFold_DorefaConv2d,Long statement,forward,362,/Volumes/BrokeExt/NICHE/SpursLipu_YOLOv3-ModelCompression-MultidatasetTraining-Multibackbone/utils/quantized/quantized_dorefa.py,A line with 146 chars in forward exceeds the maximum length of 120 characters.
SpursLipu_YOLOv3-ModelCompression-MultidatasetTraining-Multibackbone.utils.quantized,quantized_dorefa,BNFold_DorefaConv2d,Long statement,forward,374,/Volumes/BrokeExt/NICHE/SpursLipu_YOLOv3-ModelCompression-MultidatasetTraining-Multibackbone/utils/quantized/quantized_dorefa.py,A line with 146 chars in forward exceeds the maximum length of 120 characters.
SpursLipu_YOLOv3-ModelCompression-MultidatasetTraining-Multibackbone.utils.quantized,quantized_dorefa,BNFold_DorefaConv2d,Long statement,BN_fuse,431,/Volumes/BrokeExt/NICHE/SpursLipu_YOLOv3-ModelCompression-MultidatasetTraining-Multibackbone/utils/quantized/quantized_dorefa.py,A line with 130 chars in BN_fuse exceeds the maximum length of 120 characters.
SpursLipu_YOLOv3-ModelCompression-MultidatasetTraining-Multibackbone.utils.quantized,quantized_dorefa,activation_quantize,Magic number,forward,55,/Volumes/BrokeExt/NICHE/SpursLipu_YOLOv3-ModelCompression-MultidatasetTraining-Multibackbone/utils/quantized/quantized_dorefa.py,Magic number 32 used in forward.
SpursLipu_YOLOv3-ModelCompression-MultidatasetTraining-Multibackbone.utils.quantized,quantized_dorefa,weight_quantize,Magic number,get_quantize_value,81,/Volumes/BrokeExt/NICHE/SpursLipu_YOLOv3-ModelCompression-MultidatasetTraining-Multibackbone/utils/quantized/quantized_dorefa.py,Magic number 0.5 used in get_quantize_value.
SpursLipu_YOLOv3-ModelCompression-MultidatasetTraining-Multibackbone.utils.quantized,quantized_dorefa,weight_quantize,Magic number,get_quantize_value,81,/Volumes/BrokeExt/NICHE/SpursLipu_YOLOv3-ModelCompression-MultidatasetTraining-Multibackbone/utils/quantized/quantized_dorefa.py,Magic number 2 used in get_quantize_value.
SpursLipu_YOLOv3-ModelCompression-MultidatasetTraining-Multibackbone.utils.quantized,quantized_dorefa,weight_quantize,Magic number,forward,98,/Volumes/BrokeExt/NICHE/SpursLipu_YOLOv3-ModelCompression-MultidatasetTraining-Multibackbone/utils/quantized/quantized_dorefa.py,Magic number 32 used in forward.
SpursLipu_YOLOv3-ModelCompression-MultidatasetTraining-Multibackbone.utils.quantized,quantized_dorefa,weight_quantize,Magic number,forward,105,/Volumes/BrokeExt/NICHE/SpursLipu_YOLOv3-ModelCompression-MultidatasetTraining-Multibackbone/utils/quantized/quantized_dorefa.py,Magic number 0.5 used in forward.
SpursLipu_YOLOv3-ModelCompression-MultidatasetTraining-Multibackbone.utils.quantized,quantized_dorefa,weight_quantize,Magic number,forward,110,/Volumes/BrokeExt/NICHE/SpursLipu_YOLOv3-ModelCompression-MultidatasetTraining-Multibackbone/utils/quantized/quantized_dorefa.py,Magic number 2 used in forward.
SpursLipu_YOLOv3-ModelCompression-MultidatasetTraining-Multibackbone.utils.quantized,quantized_dorefa,weight_quantize,Magic number,forward,105,/Volumes/BrokeExt/NICHE/SpursLipu_YOLOv3-ModelCompression-MultidatasetTraining-Multibackbone/utils/quantized/quantized_dorefa.py,Magic number 2 used in forward.
SpursLipu_YOLOv3-ModelCompression-MultidatasetTraining-Multibackbone.utils.quantized,quantized_dorefa,weight_quantize,Magic number,get_weights,114,/Volumes/BrokeExt/NICHE/SpursLipu_YOLOv3-ModelCompression-MultidatasetTraining-Multibackbone/utils/quantized/quantized_dorefa.py,Magic number 32 used in get_weights.
SpursLipu_YOLOv3-ModelCompression-MultidatasetTraining-Multibackbone.utils.quantized,quantized_dorefa,weight_quantize,Magic number,get_weights,121,/Volumes/BrokeExt/NICHE/SpursLipu_YOLOv3-ModelCompression-MultidatasetTraining-Multibackbone/utils/quantized/quantized_dorefa.py,Magic number 0.5 used in get_weights.
SpursLipu_YOLOv3-ModelCompression-MultidatasetTraining-Multibackbone.utils.quantized,quantized_dorefa,weight_quantize,Magic number,get_weights,121,/Volumes/BrokeExt/NICHE/SpursLipu_YOLOv3-ModelCompression-MultidatasetTraining-Multibackbone/utils/quantized/quantized_dorefa.py,Magic number 2 used in get_weights.
SpursLipu_YOLOv3-ModelCompression-MultidatasetTraining-Multibackbone.utils.quantized,quantized_dorefa,DorefaConv2d,Magic number,__init__,140,/Volumes/BrokeExt/NICHE/SpursLipu_YOLOv3-ModelCompression-MultidatasetTraining-Multibackbone/utils/quantized/quantized_dorefa.py,Magic number 8 used in __init__.
SpursLipu_YOLOv3-ModelCompression-MultidatasetTraining-Multibackbone.utils.quantized,quantized_dorefa,DorefaConv2d,Magic number,__init__,141,/Volumes/BrokeExt/NICHE/SpursLipu_YOLOv3-ModelCompression-MultidatasetTraining-Multibackbone/utils/quantized/quantized_dorefa.py,Magic number 8 used in __init__.
SpursLipu_YOLOv3-ModelCompression-MultidatasetTraining-Multibackbone.utils.quantized,quantized_dorefa,DorefaConv2d,Magic number,forward,159,/Volumes/BrokeExt/NICHE/SpursLipu_YOLOv3-ModelCompression-MultidatasetTraining-Multibackbone/utils/quantized/quantized_dorefa.py,Magic number 3 used in forward.
SpursLipu_YOLOv3-ModelCompression-MultidatasetTraining-Multibackbone.utils.quantized,quantized_dorefa,BNFold_DorefaConv2d,Magic number,__init__,199,/Volumes/BrokeExt/NICHE/SpursLipu_YOLOv3-ModelCompression-MultidatasetTraining-Multibackbone/utils/quantized/quantized_dorefa.py,Magic number 1e-05 used in __init__.
SpursLipu_YOLOv3-ModelCompression-MultidatasetTraining-Multibackbone.utils.quantized,quantized_dorefa,BNFold_DorefaConv2d,Magic number,__init__,200,/Volumes/BrokeExt/NICHE/SpursLipu_YOLOv3-ModelCompression-MultidatasetTraining-Multibackbone/utils/quantized/quantized_dorefa.py,Magic number 0.01 used in __init__.
SpursLipu_YOLOv3-ModelCompression-MultidatasetTraining-Multibackbone.utils.quantized,quantized_dorefa,BNFold_DorefaConv2d,Magic number,__init__,201,/Volumes/BrokeExt/NICHE/SpursLipu_YOLOv3-ModelCompression-MultidatasetTraining-Multibackbone/utils/quantized/quantized_dorefa.py,Magic number 8 used in __init__.
SpursLipu_YOLOv3-ModelCompression-MultidatasetTraining-Multibackbone.utils.quantized,quantized_dorefa,BNFold_DorefaConv2d,Magic number,__init__,202,/Volumes/BrokeExt/NICHE/SpursLipu_YOLOv3-ModelCompression-MultidatasetTraining-Multibackbone/utils/quantized/quantized_dorefa.py,Magic number 8 used in __init__.
SpursLipu_YOLOv3-ModelCompression-MultidatasetTraining-Multibackbone.utils.quantized,quantized_dorefa,BNFold_DorefaConv2d,Magic number,forward,388,/Volumes/BrokeExt/NICHE/SpursLipu_YOLOv3-ModelCompression-MultidatasetTraining-Multibackbone/utils/quantized/quantized_dorefa.py,Magic number 6.0 used in forward.
SpursLipu_YOLOv3-ModelCompression-MultidatasetTraining-Multibackbone.utils.quantized,quantized_dorefa,DorefaLinear,Magic number,__init__,446,/Volumes/BrokeExt/NICHE/SpursLipu_YOLOv3-ModelCompression-MultidatasetTraining-Multibackbone/utils/quantized/quantized_dorefa.py,Magic number 2 used in __init__.
SpursLipu_YOLOv3-ModelCompression-MultidatasetTraining-Multibackbone.utils.quantized,quantized_dorefa,DorefaLinear,Magic number,__init__,446,/Volumes/BrokeExt/NICHE/SpursLipu_YOLOv3-ModelCompression-MultidatasetTraining-Multibackbone/utils/quantized/quantized_dorefa.py,Magic number 2 used in __init__.
SpursLipu_YOLOv3-ModelCompression-MultidatasetTraining-Multibackbone.utils.quantized,quantized_google,BNFold_QuantizedConv2d_For_FPGA,Complex method,forward,320 - 819,/Volumes/BrokeExt/NICHE/SpursLipu_YOLOv3-ModelCompression-MultidatasetTraining-Multibackbone/utils/quantized/quantized_google.py,"Method 'forward' has a cyclomatic complexity of 70, exceeding the max of 6."
SpursLipu_YOLOv3-ModelCompression-MultidatasetTraining-Multibackbone.utils.quantized,quantized_google,QuantizedShortcut_max,Complex method,forward,883 - 1063,/Volumes/BrokeExt/NICHE/SpursLipu_YOLOv3-ModelCompression-MultidatasetTraining-Multibackbone/utils/quantized/quantized_google.py,"Method 'forward' has a cyclomatic complexity of 31, exceeding the max of 6."
SpursLipu_YOLOv3-ModelCompression-MultidatasetTraining-Multibackbone.utils.quantized,quantized_google,QuantizedShortcut_min,Complex method,forward,1117 - 1302,/Volumes/BrokeExt/NICHE/SpursLipu_YOLOv3-ModelCompression-MultidatasetTraining-Multibackbone/utils/quantized/quantized_google.py,"Method 'forward' has a cyclomatic complexity of 31, exceeding the max of 6."
SpursLipu_YOLOv3-ModelCompression-MultidatasetTraining-Multibackbone.utils.quantized,quantized_google,QuantizedFeatureConcat,Complex method,forward,1344 - 1479,/Volumes/BrokeExt/NICHE/SpursLipu_YOLOv3-ModelCompression-MultidatasetTraining-Multibackbone/utils/quantized/quantized_google.py,"Method 'forward' has a cyclomatic complexity of 17, exceeding the max of 6."
SpursLipu_YOLOv3-ModelCompression-MultidatasetTraining-Multibackbone.utils.quantized,quantized_google,BNFold_QuantizedConv2d_For_FPGA,Long identifier,,235,/Volumes/BrokeExt/NICHE/SpursLipu_YOLOv3-ModelCompression-MultidatasetTraining-Multibackbone/utils/quantized/quantized_google.py,Identifier'BNFold_QuantizedConv2d_For_FPGA' exceeds the maximum length of 30 characters.
SpursLipu_YOLOv3-ModelCompression-MultidatasetTraining-Multibackbone.utils.quantized,quantized_google,BNFold_QuantizedConv2d_For_FPGA,Long method,__init__,236 - 318,/Volumes/BrokeExt/NICHE/SpursLipu_YOLOv3-ModelCompression-MultidatasetTraining-Multibackbone/utils/quantized/quantized_google.py,Method '__init__' is too long (60 lines).
SpursLipu_YOLOv3-ModelCompression-MultidatasetTraining-Multibackbone.utils.quantized,quantized_google,BNFold_QuantizedConv2d_For_FPGA,Long method,forward,320 - 819,/Volumes/BrokeExt/NICHE/SpursLipu_YOLOv3-ModelCompression-MultidatasetTraining-Multibackbone/utils/quantized/quantized_google.py,Method 'forward' is too long (491 lines).
SpursLipu_YOLOv3-ModelCompression-MultidatasetTraining-Multibackbone.utils.quantized,quantized_google,QuantizedShortcut_max,Long method,forward,883 - 1063,/Volumes/BrokeExt/NICHE/SpursLipu_YOLOv3-ModelCompression-MultidatasetTraining-Multibackbone/utils/quantized/quantized_google.py,Method 'forward' is too long (178 lines).
SpursLipu_YOLOv3-ModelCompression-MultidatasetTraining-Multibackbone.utils.quantized,quantized_google,QuantizedShortcut_min,Long method,forward,1117 - 1302,/Volumes/BrokeExt/NICHE/SpursLipu_YOLOv3-ModelCompression-MultidatasetTraining-Multibackbone/utils/quantized/quantized_google.py,Method 'forward' is too long (183 lines).
SpursLipu_YOLOv3-ModelCompression-MultidatasetTraining-Multibackbone.utils.quantized,quantized_google,QuantizedFeatureConcat,Long method,forward,1344 - 1479,/Volumes/BrokeExt/NICHE/SpursLipu_YOLOv3-ModelCompression-MultidatasetTraining-Multibackbone/utils/quantized/quantized_google.py,Method 'forward' is too long (136 lines).
SpursLipu_YOLOv3-ModelCompression-MultidatasetTraining-Multibackbone.utils.quantized,quantized_google,BNFold_QuantizedConv2d_For_FPGA,Long parameter list,__init__,236 - 318,/Volumes/BrokeExt/NICHE/SpursLipu_YOLOv3-ModelCompression-MultidatasetTraining-Multibackbone/utils/quantized/quantized_google.py,"__init__ has 23 parameters, exceeding the max of 5."
SpursLipu_YOLOv3-ModelCompression-MultidatasetTraining-Multibackbone.utils.quantized,quantized_google,QuantizedShortcut_max,Long parameter list,__init__,840 - 860,/Volumes/BrokeExt/NICHE/SpursLipu_YOLOv3-ModelCompression-MultidatasetTraining-Multibackbone/utils/quantized/quantized_google.py,"__init__ has 9 parameters, exceeding the max of 5."
SpursLipu_YOLOv3-ModelCompression-MultidatasetTraining-Multibackbone.utils.quantized,quantized_google,QuantizedShortcut_min,Long parameter list,__init__,1067 - 1088,/Volumes/BrokeExt/NICHE/SpursLipu_YOLOv3-ModelCompression-MultidatasetTraining-Multibackbone/utils/quantized/quantized_google.py,"__init__ has 9 parameters, exceeding the max of 5."
SpursLipu_YOLOv3-ModelCompression-MultidatasetTraining-Multibackbone.utils.quantized,quantized_google,QuantizedFeatureConcat,Long parameter list,__init__,1306 - 1321,/Volumes/BrokeExt/NICHE/SpursLipu_YOLOv3-ModelCompression-MultidatasetTraining-Multibackbone/utils/quantized/quantized_google.py,"__init__ has 9 parameters, exceeding the max of 5."
SpursLipu_YOLOv3-ModelCompression-MultidatasetTraining-Multibackbone.utils.quantized,quantized_google,BNFold_QuantizedConv2d_For_FPGA,Long statement,__init__,258,/Volumes/BrokeExt/NICHE/SpursLipu_YOLOv3-ModelCompression-MultidatasetTraining-Multibackbone/utils/quantized/quantized_google.py,A line with 170 chars in __init__ exceeds the maximum length of 120 characters.
SpursLipu_YOLOv3-ModelCompression-MultidatasetTraining-Multibackbone.utils.quantized,quantized_google,BNFold_QuantizedConv2d_For_FPGA,Long statement,__init__,296,/Volumes/BrokeExt/NICHE/SpursLipu_YOLOv3-ModelCompression-MultidatasetTraining-Multibackbone/utils/quantized/quantized_google.py,A line with 190 chars in __init__ exceeds the maximum length of 120 characters.
SpursLipu_YOLOv3-ModelCompression-MultidatasetTraining-Multibackbone.utils.quantized,quantized_google,BNFold_QuantizedConv2d_For_FPGA,Long statement,__init__,299,/Volumes/BrokeExt/NICHE/SpursLipu_YOLOv3-ModelCompression-MultidatasetTraining-Multibackbone/utils/quantized/quantized_google.py,A line with 184 chars in __init__ exceeds the maximum length of 120 characters.
SpursLipu_YOLOv3-ModelCompression-MultidatasetTraining-Multibackbone.utils.quantized,quantized_google,BNFold_QuantizedConv2d_For_FPGA,Long statement,__init__,302,/Volumes/BrokeExt/NICHE/SpursLipu_YOLOv3-ModelCompression-MultidatasetTraining-Multibackbone/utils/quantized/quantized_google.py,A line with 182 chars in __init__ exceeds the maximum length of 120 characters.
SpursLipu_YOLOv3-ModelCompression-MultidatasetTraining-Multibackbone.utils.quantized,quantized_google,BNFold_QuantizedConv2d_For_FPGA,Long statement,__init__,306,/Volumes/BrokeExt/NICHE/SpursLipu_YOLOv3-ModelCompression-MultidatasetTraining-Multibackbone/utils/quantized/quantized_google.py,A line with 203 chars in __init__ exceeds the maximum length of 120 characters.
SpursLipu_YOLOv3-ModelCompression-MultidatasetTraining-Multibackbone.utils.quantized,quantized_google,BNFold_QuantizedConv2d_For_FPGA,Long statement,__init__,311,/Volumes/BrokeExt/NICHE/SpursLipu_YOLOv3-ModelCompression-MultidatasetTraining-Multibackbone/utils/quantized/quantized_google.py,A line with 197 chars in __init__ exceeds the maximum length of 120 characters.
SpursLipu_YOLOv3-ModelCompression-MultidatasetTraining-Multibackbone.utils.quantized,quantized_google,BNFold_QuantizedConv2d_For_FPGA,Long statement,__init__,315,/Volumes/BrokeExt/NICHE/SpursLipu_YOLOv3-ModelCompression-MultidatasetTraining-Multibackbone/utils/quantized/quantized_google.py,A line with 195 chars in __init__ exceeds the maximum length of 120 characters.
SpursLipu_YOLOv3-ModelCompression-MultidatasetTraining-Multibackbone.utils.quantized,quantized_google,BNFold_QuantizedConv2d_For_FPGA,Long statement,forward,326,/Volumes/BrokeExt/NICHE/SpursLipu_YOLOv3-ModelCompression-MultidatasetTraining-Multibackbone/utils/quantized/quantized_google.py,A line with 152 chars in forward exceeds the maximum length of 120 characters.
SpursLipu_YOLOv3-ModelCompression-MultidatasetTraining-Multibackbone.utils.quantized,quantized_google,BNFold_QuantizedConv2d_For_FPGA,Long statement,forward,351,/Volumes/BrokeExt/NICHE/SpursLipu_YOLOv3-ModelCompression-MultidatasetTraining-Multibackbone/utils/quantized/quantized_google.py,A line with 126 chars in forward exceeds the maximum length of 120 characters.
SpursLipu_YOLOv3-ModelCompression-MultidatasetTraining-Multibackbone.utils.quantized,quantized_google,BNFold_QuantizedConv2d_For_FPGA,Long statement,forward,362,/Volumes/BrokeExt/NICHE/SpursLipu_YOLOv3-ModelCompression-MultidatasetTraining-Multibackbone/utils/quantized/quantized_google.py,A line with 130 chars in forward exceeds the maximum length of 120 characters.
SpursLipu_YOLOv3-ModelCompression-MultidatasetTraining-Multibackbone.utils.quantized,quantized_google,BNFold_QuantizedConv2d_For_FPGA,Long statement,forward,380,/Volumes/BrokeExt/NICHE/SpursLipu_YOLOv3-ModelCompression-MultidatasetTraining-Multibackbone/utils/quantized/quantized_google.py,A line with 130 chars in forward exceeds the maximum length of 120 characters.
SpursLipu_YOLOv3-ModelCompression-MultidatasetTraining-Multibackbone.utils.quantized,quantized_google,BNFold_QuantizedConv2d_For_FPGA,Long statement,forward,479,/Volumes/BrokeExt/NICHE/SpursLipu_YOLOv3-ModelCompression-MultidatasetTraining-Multibackbone/utils/quantized/quantized_google.py,A line with 251 chars in forward exceeds the maximum length of 120 characters.
SpursLipu_YOLOv3-ModelCompression-MultidatasetTraining-Multibackbone.utils.quantized,quantized_google,BNFold_QuantizedConv2d_For_FPGA,Long statement,forward,592,/Volumes/BrokeExt/NICHE/SpursLipu_YOLOv3-ModelCompression-MultidatasetTraining-Multibackbone/utils/quantized/quantized_google.py,A line with 251 chars in forward exceeds the maximum length of 120 characters.
SpursLipu_YOLOv3-ModelCompression-MultidatasetTraining-Multibackbone.utils.quantized,quantized_google,BNFold_QuantizedConv2d_For_FPGA,Long statement,forward,644,/Volumes/BrokeExt/NICHE/SpursLipu_YOLOv3-ModelCompression-MultidatasetTraining-Multibackbone/utils/quantized/quantized_google.py,A line with 146 chars in forward exceeds the maximum length of 120 characters.
SpursLipu_YOLOv3-ModelCompression-MultidatasetTraining-Multibackbone.utils.quantized,quantized_google,BNFold_QuantizedConv2d_For_FPGA,Long statement,forward,723,/Volumes/BrokeExt/NICHE/SpursLipu_YOLOv3-ModelCompression-MultidatasetTraining-Multibackbone/utils/quantized/quantized_google.py,A line with 257 chars in forward exceeds the maximum length of 120 characters.
SpursLipu_YOLOv3-ModelCompression-MultidatasetTraining-Multibackbone.utils.quantized,quantized_google,BNFold_QuantizedConv2d_For_FPGA,Long statement,forward,730,/Volumes/BrokeExt/NICHE/SpursLipu_YOLOv3-ModelCompression-MultidatasetTraining-Multibackbone/utils/quantized/quantized_google.py,A line with 122 chars in forward exceeds the maximum length of 120 characters.
SpursLipu_YOLOv3-ModelCompression-MultidatasetTraining-Multibackbone.utils.quantized,quantized_google,BNFold_QuantizedConv2d_For_FPGA,Long statement,forward,792,/Volumes/BrokeExt/NICHE/SpursLipu_YOLOv3-ModelCompression-MultidatasetTraining-Multibackbone/utils/quantized/quantized_google.py,A line with 257 chars in forward exceeds the maximum length of 120 characters.
SpursLipu_YOLOv3-ModelCompression-MultidatasetTraining-Multibackbone.utils.quantized,quantized_google,BNFold_QuantizedConv2d_For_FPGA,Long statement,forward,799,/Volumes/BrokeExt/NICHE/SpursLipu_YOLOv3-ModelCompression-MultidatasetTraining-Multibackbone/utils/quantized/quantized_google.py,A line with 122 chars in forward exceeds the maximum length of 120 characters.
SpursLipu_YOLOv3-ModelCompression-MultidatasetTraining-Multibackbone.utils.quantized,quantized_google,BNFold_QuantizedConv2d_For_FPGA,Long statement,BN_fuse,825,/Volumes/BrokeExt/NICHE/SpursLipu_YOLOv3-ModelCompression-MultidatasetTraining-Multibackbone/utils/quantized/quantized_google.py,A line with 130 chars in BN_fuse exceeds the maximum length of 120 characters.
SpursLipu_YOLOv3-ModelCompression-MultidatasetTraining-Multibackbone.utils.quantized,quantized_google,QuantizedShortcut_max,Long statement,forward,1011,/Volumes/BrokeExt/NICHE/SpursLipu_YOLOv3-ModelCompression-MultidatasetTraining-Multibackbone/utils/quantized/quantized_google.py,A line with 123 chars in forward exceeds the maximum length of 120 characters.
SpursLipu_YOLOv3-ModelCompression-MultidatasetTraining-Multibackbone.utils.quantized,quantized_google,QuantizedShortcut_max,Long statement,forward,1050,/Volumes/BrokeExt/NICHE/SpursLipu_YOLOv3-ModelCompression-MultidatasetTraining-Multibackbone/utils/quantized/quantized_google.py,A line with 123 chars in forward exceeds the maximum length of 120 characters.
SpursLipu_YOLOv3-ModelCompression-MultidatasetTraining-Multibackbone.utils.quantized,quantized_google,QuantizedShortcut_min,Long statement,forward,1250,/Volumes/BrokeExt/NICHE/SpursLipu_YOLOv3-ModelCompression-MultidatasetTraining-Multibackbone/utils/quantized/quantized_google.py,A line with 123 chars in forward exceeds the maximum length of 120 characters.
SpursLipu_YOLOv3-ModelCompression-MultidatasetTraining-Multibackbone.utils.quantized,quantized_google,QuantizedShortcut_min,Long statement,forward,1289,/Volumes/BrokeExt/NICHE/SpursLipu_YOLOv3-ModelCompression-MultidatasetTraining-Multibackbone/utils/quantized/quantized_google.py,A line with 123 chars in forward exceeds the maximum length of 120 characters.
SpursLipu_YOLOv3-ModelCompression-MultidatasetTraining-Multibackbone.utils.quantized,quantized_google,QuantizedFeatureConcat,Long statement,forward,1357,/Volumes/BrokeExt/NICHE/SpursLipu_YOLOv3-ModelCompression-MultidatasetTraining-Multibackbone/utils/quantized/quantized_google.py,A line with 127 chars in forward exceeds the maximum length of 120 characters.
SpursLipu_YOLOv3-ModelCompression-MultidatasetTraining-Multibackbone.utils.quantized,quantized_google,QuantizedFeatureConcat,Long statement,forward,1409,/Volumes/BrokeExt/NICHE/SpursLipu_YOLOv3-ModelCompression-MultidatasetTraining-Multibackbone/utils/quantized/quantized_google.py,A line with 121 chars in forward exceeds the maximum length of 120 characters.
SpursLipu_YOLOv3-ModelCompression-MultidatasetTraining-Multibackbone.utils.quantized,quantized_google,QuantizedFeatureConcat,Long statement,forward,1456,/Volumes/BrokeExt/NICHE/SpursLipu_YOLOv3-ModelCompression-MultidatasetTraining-Multibackbone/utils/quantized/quantized_google.py,A line with 121 chars in forward exceeds the maximum length of 120 characters.
SpursLipu_YOLOv3-ModelCompression-MultidatasetTraining-Multibackbone.utils.quantized,quantized_google,AveragedRangeTracker,Magic number,__init__,59,/Volumes/BrokeExt/NICHE/SpursLipu_YOLOv3-ModelCompression-MultidatasetTraining-Multibackbone/utils/quantized/quantized_google.py,Magic number 0.1 used in __init__.
SpursLipu_YOLOv3-ModelCompression-MultidatasetTraining-Multibackbone.utils.quantized,quantized_google,Quantizer,Magic number,forward,139,/Volumes/BrokeExt/NICHE/SpursLipu_YOLOv3-ModelCompression-MultidatasetTraining-Multibackbone/utils/quantized/quantized_google.py,Magic number 32 used in forward.
SpursLipu_YOLOv3-ModelCompression-MultidatasetTraining-Multibackbone.utils.quantized,quantized_google,Quantizer,Magic number,get_quantize_value,156,/Volumes/BrokeExt/NICHE/SpursLipu_YOLOv3-ModelCompression-MultidatasetTraining-Multibackbone/utils/quantized/quantized_google.py,Magic number 32 used in get_quantize_value.
SpursLipu_YOLOv3-ModelCompression-MultidatasetTraining-Multibackbone.utils.quantized,quantized_google,SymmetricQuantizer,Magic number,update_params,189,/Volumes/BrokeExt/NICHE/SpursLipu_YOLOv3-ModelCompression-MultidatasetTraining-Multibackbone/utils/quantized/quantized_google.py,Magic number 2 used in update_params.
SpursLipu_YOLOv3-ModelCompression-MultidatasetTraining-Multibackbone.utils.quantized,quantized_google,SymmetricQuantizer,Magic number,update_params,190,/Volumes/BrokeExt/NICHE/SpursLipu_YOLOv3-ModelCompression-MultidatasetTraining-Multibackbone/utils/quantized/quantized_google.py,Magic number 2 used in update_params.
SpursLipu_YOLOv3-ModelCompression-MultidatasetTraining-Multibackbone.utils.quantized,quantized_google,AsymmetricQuantizer,Magic number,update_params,212,/Volumes/BrokeExt/NICHE/SpursLipu_YOLOv3-ModelCompression-MultidatasetTraining-Multibackbone/utils/quantized/quantized_google.py,Magic number 2 used in update_params.
SpursLipu_YOLOv3-ModelCompression-MultidatasetTraining-Multibackbone.utils.quantized,quantized_google,AsymmetricQuantizer,Magic number,update_params,213,/Volumes/BrokeExt/NICHE/SpursLipu_YOLOv3-ModelCompression-MultidatasetTraining-Multibackbone/utils/quantized/quantized_google.py,Magic number 2 used in update_params.
SpursLipu_YOLOv3-ModelCompression-MultidatasetTraining-Multibackbone.utils.quantized,quantized_google,BNFold_QuantizedConv2d_For_FPGA,Magic number,__init__,246,/Volumes/BrokeExt/NICHE/SpursLipu_YOLOv3-ModelCompression-MultidatasetTraining-Multibackbone/utils/quantized/quantized_google.py,Magic number 1e-05 used in __init__.
SpursLipu_YOLOv3-ModelCompression-MultidatasetTraining-Multibackbone.utils.quantized,quantized_google,BNFold_QuantizedConv2d_For_FPGA,Magic number,__init__,247,/Volumes/BrokeExt/NICHE/SpursLipu_YOLOv3-ModelCompression-MultidatasetTraining-Multibackbone/utils/quantized/quantized_google.py,Magic number 0.01 used in __init__.
SpursLipu_YOLOv3-ModelCompression-MultidatasetTraining-Multibackbone.utils.quantized,quantized_google,BNFold_QuantizedConv2d_For_FPGA,Magic number,__init__,248,/Volumes/BrokeExt/NICHE/SpursLipu_YOLOv3-ModelCompression-MultidatasetTraining-Multibackbone/utils/quantized/quantized_google.py,Magic number 8 used in __init__.
SpursLipu_YOLOv3-ModelCompression-MultidatasetTraining-Multibackbone.utils.quantized,quantized_google,BNFold_QuantizedConv2d_For_FPGA,Magic number,__init__,249,/Volumes/BrokeExt/NICHE/SpursLipu_YOLOv3-ModelCompression-MultidatasetTraining-Multibackbone/utils/quantized/quantized_google.py,Magic number 8 used in __init__.
SpursLipu_YOLOv3-ModelCompression-MultidatasetTraining-Multibackbone.utils.quantized,quantized_google,BNFold_QuantizedConv2d_For_FPGA,Magic number,__init__,255,/Volumes/BrokeExt/NICHE/SpursLipu_YOLOv3-ModelCompression-MultidatasetTraining-Multibackbone/utils/quantized/quantized_google.py,Magic number 32 used in __init__.
SpursLipu_YOLOv3-ModelCompression-MultidatasetTraining-Multibackbone.utils.quantized,quantized_google,BNFold_QuantizedConv2d_For_FPGA,Magic number,__init__,255,/Volumes/BrokeExt/NICHE/SpursLipu_YOLOv3-ModelCompression-MultidatasetTraining-Multibackbone/utils/quantized/quantized_google.py,Magic number 32 used in __init__.
SpursLipu_YOLOv3-ModelCompression-MultidatasetTraining-Multibackbone.utils.quantized,quantized_google,BNFold_QuantizedConv2d_For_FPGA,Magic number,forward,658,/Volumes/BrokeExt/NICHE/SpursLipu_YOLOv3-ModelCompression-MultidatasetTraining-Multibackbone/utils/quantized/quantized_google.py,Magic number 6.0 used in forward.
SpursLipu_YOLOv3-ModelCompression-MultidatasetTraining-Multibackbone.utils.quantized,quantized_google,BNFold_QuantizedConv2d_For_FPGA,Magic number,forward,449,/Volumes/BrokeExt/NICHE/SpursLipu_YOLOv3-ModelCompression-MultidatasetTraining-Multibackbone/utils/quantized/quantized_google.py,Magic number 3 used in forward.
SpursLipu_YOLOv3-ModelCompression-MultidatasetTraining-Multibackbone.utils.quantized,quantized_google,BNFold_QuantizedConv2d_For_FPGA,Magic number,forward,562,/Volumes/BrokeExt/NICHE/SpursLipu_YOLOv3-ModelCompression-MultidatasetTraining-Multibackbone/utils/quantized/quantized_google.py,Magic number 3 used in forward.
SpursLipu_YOLOv3-ModelCompression-MultidatasetTraining-Multibackbone.utils.quantized,quantized_google,QuantizedShortcut_max,Magic number,__init__,840,/Volumes/BrokeExt/NICHE/SpursLipu_YOLOv3-ModelCompression-MultidatasetTraining-Multibackbone/utils/quantized/quantized_google.py,Magic number 8 used in __init__.
SpursLipu_YOLOv3-ModelCompression-MultidatasetTraining-Multibackbone.utils.quantized,quantized_google,QuantizedShortcut_max,Magic number,__init__,841,/Volumes/BrokeExt/NICHE/SpursLipu_YOLOv3-ModelCompression-MultidatasetTraining-Multibackbone/utils/quantized/quantized_google.py,Magic number 32 used in __init__.
SpursLipu_YOLOv3-ModelCompression-MultidatasetTraining-Multibackbone.utils.quantized,quantized_google,QuantizedShortcut_max,Magic number,__init__,841,/Volumes/BrokeExt/NICHE/SpursLipu_YOLOv3-ModelCompression-MultidatasetTraining-Multibackbone/utils/quantized/quantized_google.py,Magic number 32 used in __init__.
SpursLipu_YOLOv3-ModelCompression-MultidatasetTraining-Multibackbone.utils.quantized,quantized_google,QuantizedShortcut_max,Magic number,forward,886,/Volumes/BrokeExt/NICHE/SpursLipu_YOLOv3-ModelCompression-MultidatasetTraining-Multibackbone/utils/quantized/quantized_google.py,Magic number 2 used in forward.
SpursLipu_YOLOv3-ModelCompression-MultidatasetTraining-Multibackbone.utils.quantized,quantized_google,QuantizedShortcut_max,Magic number,forward,913,/Volumes/BrokeExt/NICHE/SpursLipu_YOLOv3-ModelCompression-MultidatasetTraining-Multibackbone/utils/quantized/quantized_google.py,Magic number 2 used in forward.
SpursLipu_YOLOv3-ModelCompression-MultidatasetTraining-Multibackbone.utils.quantized,quantized_google,QuantizedShortcut_max,Magic number,forward,914,/Volumes/BrokeExt/NICHE/SpursLipu_YOLOv3-ModelCompression-MultidatasetTraining-Multibackbone/utils/quantized/quantized_google.py,Magic number 2 used in forward.
SpursLipu_YOLOv3-ModelCompression-MultidatasetTraining-Multibackbone.utils.quantized,quantized_google,QuantizedShortcut_min,Magic number,__init__,1067,/Volumes/BrokeExt/NICHE/SpursLipu_YOLOv3-ModelCompression-MultidatasetTraining-Multibackbone/utils/quantized/quantized_google.py,Magic number 8 used in __init__.
SpursLipu_YOLOv3-ModelCompression-MultidatasetTraining-Multibackbone.utils.quantized,quantized_google,QuantizedShortcut_min,Magic number,__init__,1068,/Volumes/BrokeExt/NICHE/SpursLipu_YOLOv3-ModelCompression-MultidatasetTraining-Multibackbone/utils/quantized/quantized_google.py,Magic number 32 used in __init__.
SpursLipu_YOLOv3-ModelCompression-MultidatasetTraining-Multibackbone.utils.quantized,quantized_google,QuantizedShortcut_min,Magic number,__init__,1068,/Volumes/BrokeExt/NICHE/SpursLipu_YOLOv3-ModelCompression-MultidatasetTraining-Multibackbone/utils/quantized/quantized_google.py,Magic number 32 used in __init__.
SpursLipu_YOLOv3-ModelCompression-MultidatasetTraining-Multibackbone.utils.quantized,quantized_google,QuantizedShortcut_min,Magic number,forward,1120,/Volumes/BrokeExt/NICHE/SpursLipu_YOLOv3-ModelCompression-MultidatasetTraining-Multibackbone/utils/quantized/quantized_google.py,Magic number 2 used in forward.
SpursLipu_YOLOv3-ModelCompression-MultidatasetTraining-Multibackbone.utils.quantized,quantized_google,QuantizedShortcut_min,Magic number,forward,1139,/Volumes/BrokeExt/NICHE/SpursLipu_YOLOv3-ModelCompression-MultidatasetTraining-Multibackbone/utils/quantized/quantized_google.py,Magic number 2 used in forward.
SpursLipu_YOLOv3-ModelCompression-MultidatasetTraining-Multibackbone.utils.quantized,quantized_google,QuantizedShortcut_min,Magic number,forward,1140,/Volumes/BrokeExt/NICHE/SpursLipu_YOLOv3-ModelCompression-MultidatasetTraining-Multibackbone/utils/quantized/quantized_google.py,Magic number 2 used in forward.
SpursLipu_YOLOv3-ModelCompression-MultidatasetTraining-Multibackbone.utils.quantized,quantized_google,QuantizedShortcut_min,Magic number,forward,1175,/Volumes/BrokeExt/NICHE/SpursLipu_YOLOv3-ModelCompression-MultidatasetTraining-Multibackbone/utils/quantized/quantized_google.py,Magic number 2 used in forward.
SpursLipu_YOLOv3-ModelCompression-MultidatasetTraining-Multibackbone.utils.quantized,quantized_google,QuantizedShortcut_min,Magic number,forward,1176,/Volumes/BrokeExt/NICHE/SpursLipu_YOLOv3-ModelCompression-MultidatasetTraining-Multibackbone/utils/quantized/quantized_google.py,Magic number 2 used in forward.
SpursLipu_YOLOv3-ModelCompression-MultidatasetTraining-Multibackbone.utils.quantized,quantized_google,QuantizedFeatureConcat,Magic number,__init__,1306,/Volumes/BrokeExt/NICHE/SpursLipu_YOLOv3-ModelCompression-MultidatasetTraining-Multibackbone/utils/quantized/quantized_google.py,Magic number 8 used in __init__.
SpursLipu_YOLOv3-ModelCompression-MultidatasetTraining-Multibackbone.utils.quantized,quantized_google,QuantizedFeatureConcat,Magic number,__init__,1307,/Volumes/BrokeExt/NICHE/SpursLipu_YOLOv3-ModelCompression-MultidatasetTraining-Multibackbone/utils/quantized/quantized_google.py,Magic number 32 used in __init__.
SpursLipu_YOLOv3-ModelCompression-MultidatasetTraining-Multibackbone.utils.quantized,quantized_google,QuantizedFeatureConcat,Magic number,__init__,1307,/Volumes/BrokeExt/NICHE/SpursLipu_YOLOv3-ModelCompression-MultidatasetTraining-Multibackbone/utils/quantized/quantized_google.py,Magic number 32 used in __init__.
SpursLipu_YOLOv3-ModelCompression-MultidatasetTraining-Multibackbone.utils.quantized,quantized_google,QuantizedFeatureConcat,Magic number,__init__,1315,/Volumes/BrokeExt/NICHE/SpursLipu_YOLOv3-ModelCompression-MultidatasetTraining-Multibackbone/utils/quantized/quantized_google.py,Magic number 0.1 used in __init__.
SpursLipu_YOLOv3-ModelCompression-MultidatasetTraining-Multibackbone.utils.quantized,quantized_google,QuantizedFeatureConcat,Magic number,forward,1364,/Volumes/BrokeExt/NICHE/SpursLipu_YOLOv3-ModelCompression-MultidatasetTraining-Multibackbone/utils/quantized/quantized_google.py,Magic number 2 used in forward.
SpursLipu_YOLOv3-ModelCompression-MultidatasetTraining-Multibackbone.utils.quantized,quantized_google,QuantizedFeatureConcat,Magic number,forward,1365,/Volumes/BrokeExt/NICHE/SpursLipu_YOLOv3-ModelCompression-MultidatasetTraining-Multibackbone/utils/quantized/quantized_google.py,Magic number 2 used in forward.
SpursLipu_YOLOv3-ModelCompression-MultidatasetTraining-Multibackbone.utils.quantized,quantized_google,QuantizedFeatureConcat,Magic number,forward,1477,/Volumes/BrokeExt/NICHE/SpursLipu_YOLOv3-ModelCompression-MultidatasetTraining-Multibackbone/utils/quantized/quantized_google.py,Magic number 2 used in forward.
SpursLipu_YOLOv3-ModelCompression-MultidatasetTraining-Multibackbone.utils.quantized,quantized_lowbit,Ternarize,Magic number,forward,20,/Volumes/BrokeExt/NICHE/SpursLipu_YOLOv3-ModelCompression-MultidatasetTraining-Multibackbone/utils/quantized/quantized_lowbit.py,Magic number 0.5 used in forward.
SpursLipu_YOLOv3-ModelCompression-MultidatasetTraining-Multibackbone.utils.quantized,quantized_lowbit,Ternarize,Magic number,forward,25,/Volumes/BrokeExt/NICHE/SpursLipu_YOLOv3-ModelCompression-MultidatasetTraining-Multibackbone/utils/quantized/quantized_lowbit.py,Magic number 2 used in forward.
SpursLipu_YOLOv3-ModelCompression-MultidatasetTraining-Multibackbone.utils.quantized,quantized_lowbit,Ternarize,Magic number,forward,29,/Volumes/BrokeExt/NICHE/SpursLipu_YOLOv3-ModelCompression-MultidatasetTraining-Multibackbone/utils/quantized/quantized_lowbit.py,Magic number 0.5 used in forward.
SpursLipu_YOLOv3-ModelCompression-MultidatasetTraining-Multibackbone.utils.quantized,quantized_ptq,BNFold_PTQuantizedConv2d_For_FPGA,Complex method,forward,369 - 811,/Volumes/BrokeExt/NICHE/SpursLipu_YOLOv3-ModelCompression-MultidatasetTraining-Multibackbone/utils/quantized/quantized_ptq.py,"Method 'forward' has a cyclomatic complexity of 63, exceeding the max of 6."
SpursLipu_YOLOv3-ModelCompression-MultidatasetTraining-Multibackbone.utils.quantized,quantized_ptq,BNFold_PTQuantizedConv2d_For_FPGA,Long identifier,,293,/Volumes/BrokeExt/NICHE/SpursLipu_YOLOv3-ModelCompression-MultidatasetTraining-Multibackbone/utils/quantized/quantized_ptq.py,Identifier'BNFold_PTQuantizedConv2d_For_FPGA' exceeds the maximum length of 30 characters.
SpursLipu_YOLOv3-ModelCompression-MultidatasetTraining-Multibackbone.utils.quantized,quantized_ptq,BNFold_PTQuantizedConv2d_For_FPGA,Long method,__init__,294 - 367,/Volumes/BrokeExt/NICHE/SpursLipu_YOLOv3-ModelCompression-MultidatasetTraining-Multibackbone/utils/quantized/quantized_ptq.py,Method '__init__' is too long (52 lines).
SpursLipu_YOLOv3-ModelCompression-MultidatasetTraining-Multibackbone.utils.quantized,quantized_ptq,BNFold_PTQuantizedConv2d_For_FPGA,Long method,forward,369 - 811,/Volumes/BrokeExt/NICHE/SpursLipu_YOLOv3-ModelCompression-MultidatasetTraining-Multibackbone/utils/quantized/quantized_ptq.py,Method 'forward' is too long (435 lines).
SpursLipu_YOLOv3-ModelCompression-MultidatasetTraining-Multibackbone.utils.quantized,quantized_ptq,PTQuantizedConv2d,Long parameter list,__init__,220 - 258,/Volumes/BrokeExt/NICHE/SpursLipu_YOLOv3-ModelCompression-MultidatasetTraining-Multibackbone/utils/quantized/quantized_ptq.py,"__init__ has 11 parameters, exceeding the max of 5."
SpursLipu_YOLOv3-ModelCompression-MultidatasetTraining-Multibackbone.utils.quantized,quantized_ptq,BNFold_PTQuantizedConv2d_For_FPGA,Long parameter list,__init__,294 - 367,/Volumes/BrokeExt/NICHE/SpursLipu_YOLOv3-ModelCompression-MultidatasetTraining-Multibackbone/utils/quantized/quantized_ptq.py,"__init__ has 22 parameters, exceeding the max of 5."
SpursLipu_YOLOv3-ModelCompression-MultidatasetTraining-Multibackbone.utils.quantized,quantized_ptq,PTQuantizedConv2d,Long statement,__init__,233,/Volumes/BrokeExt/NICHE/SpursLipu_YOLOv3-ModelCompression-MultidatasetTraining-Multibackbone/utils/quantized/quantized_ptq.py,A line with 170 chars in __init__ exceeds the maximum length of 120 characters.
SpursLipu_YOLOv3-ModelCompression-MultidatasetTraining-Multibackbone.utils.quantized,quantized_ptq,PTQuantizedConv2d,Long statement,__init__,245,/Volumes/BrokeExt/NICHE/SpursLipu_YOLOv3-ModelCompression-MultidatasetTraining-Multibackbone/utils/quantized/quantized_ptq.py,A line with 160 chars in __init__ exceeds the maximum length of 120 characters.
SpursLipu_YOLOv3-ModelCompression-MultidatasetTraining-Multibackbone.utils.quantized,quantized_ptq,PTQuantizedConv2d,Long statement,__init__,248,/Volumes/BrokeExt/NICHE/SpursLipu_YOLOv3-ModelCompression-MultidatasetTraining-Multibackbone/utils/quantized/quantized_ptq.py,A line with 168 chars in __init__ exceeds the maximum length of 120 characters.
SpursLipu_YOLOv3-ModelCompression-MultidatasetTraining-Multibackbone.utils.quantized,quantized_ptq,PTQuantizedConv2d,Long statement,__init__,252,/Volumes/BrokeExt/NICHE/SpursLipu_YOLOv3-ModelCompression-MultidatasetTraining-Multibackbone/utils/quantized/quantized_ptq.py,A line with 173 chars in __init__ exceeds the maximum length of 120 characters.
SpursLipu_YOLOv3-ModelCompression-MultidatasetTraining-Multibackbone.utils.quantized,quantized_ptq,PTQuantizedConv2d,Long statement,__init__,256,/Volumes/BrokeExt/NICHE/SpursLipu_YOLOv3-ModelCompression-MultidatasetTraining-Multibackbone/utils/quantized/quantized_ptq.py,A line with 181 chars in __init__ exceeds the maximum length of 120 characters.
SpursLipu_YOLOv3-ModelCompression-MultidatasetTraining-Multibackbone.utils.quantized,quantized_ptq,PTQuantizedConv2d,Long statement,forward,266,/Volumes/BrokeExt/NICHE/SpursLipu_YOLOv3-ModelCompression-MultidatasetTraining-Multibackbone/utils/quantized/quantized_ptq.py,A line with 149 chars in forward exceeds the maximum length of 120 characters.
SpursLipu_YOLOv3-ModelCompression-MultidatasetTraining-Multibackbone.utils.quantized,quantized_ptq,BNFold_PTQuantizedConv2d_For_FPGA,Long statement,__init__,316,/Volumes/BrokeExt/NICHE/SpursLipu_YOLOv3-ModelCompression-MultidatasetTraining-Multibackbone/utils/quantized/quantized_ptq.py,A line with 170 chars in __init__ exceeds the maximum length of 120 characters.
SpursLipu_YOLOv3-ModelCompression-MultidatasetTraining-Multibackbone.utils.quantized,quantized_ptq,BNFold_PTQuantizedConv2d_For_FPGA,Long statement,__init__,348,/Volumes/BrokeExt/NICHE/SpursLipu_YOLOv3-ModelCompression-MultidatasetTraining-Multibackbone/utils/quantized/quantized_ptq.py,A line with 159 chars in __init__ exceeds the maximum length of 120 characters.
SpursLipu_YOLOv3-ModelCompression-MultidatasetTraining-Multibackbone.utils.quantized,quantized_ptq,BNFold_PTQuantizedConv2d_For_FPGA,Long statement,__init__,351,/Volumes/BrokeExt/NICHE/SpursLipu_YOLOv3-ModelCompression-MultidatasetTraining-Multibackbone/utils/quantized/quantized_ptq.py,A line with 153 chars in __init__ exceeds the maximum length of 120 characters.
SpursLipu_YOLOv3-ModelCompression-MultidatasetTraining-Multibackbone.utils.quantized,quantized_ptq,BNFold_PTQuantizedConv2d_For_FPGA,Long statement,__init__,354,/Volumes/BrokeExt/NICHE/SpursLipu_YOLOv3-ModelCompression-MultidatasetTraining-Multibackbone/utils/quantized/quantized_ptq.py,A line with 151 chars in __init__ exceeds the maximum length of 120 characters.
SpursLipu_YOLOv3-ModelCompression-MultidatasetTraining-Multibackbone.utils.quantized,quantized_ptq,BNFold_PTQuantizedConv2d_For_FPGA,Long statement,__init__,358,/Volumes/BrokeExt/NICHE/SpursLipu_YOLOv3-ModelCompression-MultidatasetTraining-Multibackbone/utils/quantized/quantized_ptq.py,A line with 172 chars in __init__ exceeds the maximum length of 120 characters.
SpursLipu_YOLOv3-ModelCompression-MultidatasetTraining-Multibackbone.utils.quantized,quantized_ptq,BNFold_PTQuantizedConv2d_For_FPGA,Long statement,__init__,362,/Volumes/BrokeExt/NICHE/SpursLipu_YOLOv3-ModelCompression-MultidatasetTraining-Multibackbone/utils/quantized/quantized_ptq.py,A line with 166 chars in __init__ exceeds the maximum length of 120 characters.
SpursLipu_YOLOv3-ModelCompression-MultidatasetTraining-Multibackbone.utils.quantized,quantized_ptq,BNFold_PTQuantizedConv2d_For_FPGA,Long statement,__init__,365,/Volumes/BrokeExt/NICHE/SpursLipu_YOLOv3-ModelCompression-MultidatasetTraining-Multibackbone/utils/quantized/quantized_ptq.py,A line with 164 chars in __init__ exceeds the maximum length of 120 characters.
SpursLipu_YOLOv3-ModelCompression-MultidatasetTraining-Multibackbone.utils.quantized,quantized_ptq,BNFold_PTQuantizedConv2d_For_FPGA,Long statement,forward,373,/Volumes/BrokeExt/NICHE/SpursLipu_YOLOv3-ModelCompression-MultidatasetTraining-Multibackbone/utils/quantized/quantized_ptq.py,A line with 130 chars in forward exceeds the maximum length of 120 characters.
SpursLipu_YOLOv3-ModelCompression-MultidatasetTraining-Multibackbone.utils.quantized,quantized_ptq,BNFold_PTQuantizedConv2d_For_FPGA,Long statement,forward,473,/Volumes/BrokeExt/NICHE/SpursLipu_YOLOv3-ModelCompression-MultidatasetTraining-Multibackbone/utils/quantized/quantized_ptq.py,A line with 251 chars in forward exceeds the maximum length of 120 characters.
SpursLipu_YOLOv3-ModelCompression-MultidatasetTraining-Multibackbone.utils.quantized,quantized_ptq,BNFold_PTQuantizedConv2d_For_FPGA,Long statement,forward,586,/Volumes/BrokeExt/NICHE/SpursLipu_YOLOv3-ModelCompression-MultidatasetTraining-Multibackbone/utils/quantized/quantized_ptq.py,A line with 251 chars in forward exceeds the maximum length of 120 characters.
SpursLipu_YOLOv3-ModelCompression-MultidatasetTraining-Multibackbone.utils.quantized,quantized_ptq,BNFold_PTQuantizedConv2d_For_FPGA,Long statement,forward,637,/Volumes/BrokeExt/NICHE/SpursLipu_YOLOv3-ModelCompression-MultidatasetTraining-Multibackbone/utils/quantized/quantized_ptq.py,A line with 146 chars in forward exceeds the maximum length of 120 characters.
SpursLipu_YOLOv3-ModelCompression-MultidatasetTraining-Multibackbone.utils.quantized,quantized_ptq,BNFold_PTQuantizedConv2d_For_FPGA,Long statement,forward,716,/Volumes/BrokeExt/NICHE/SpursLipu_YOLOv3-ModelCompression-MultidatasetTraining-Multibackbone/utils/quantized/quantized_ptq.py,A line with 257 chars in forward exceeds the maximum length of 120 characters.
SpursLipu_YOLOv3-ModelCompression-MultidatasetTraining-Multibackbone.utils.quantized,quantized_ptq,BNFold_PTQuantizedConv2d_For_FPGA,Long statement,forward,723,/Volumes/BrokeExt/NICHE/SpursLipu_YOLOv3-ModelCompression-MultidatasetTraining-Multibackbone/utils/quantized/quantized_ptq.py,A line with 122 chars in forward exceeds the maximum length of 120 characters.
SpursLipu_YOLOv3-ModelCompression-MultidatasetTraining-Multibackbone.utils.quantized,quantized_ptq,BNFold_PTQuantizedConv2d_For_FPGA,Long statement,forward,784,/Volumes/BrokeExt/NICHE/SpursLipu_YOLOv3-ModelCompression-MultidatasetTraining-Multibackbone/utils/quantized/quantized_ptq.py,A line with 257 chars in forward exceeds the maximum length of 120 characters.
SpursLipu_YOLOv3-ModelCompression-MultidatasetTraining-Multibackbone.utils.quantized,quantized_ptq,BNFold_PTQuantizedConv2d_For_FPGA,Long statement,forward,791,/Volumes/BrokeExt/NICHE/SpursLipu_YOLOv3-ModelCompression-MultidatasetTraining-Multibackbone/utils/quantized/quantized_ptq.py,A line with 122 chars in forward exceeds the maximum length of 120 characters.
SpursLipu_YOLOv3-ModelCompression-MultidatasetTraining-Multibackbone.utils.quantized,quantized_ptq,BNFold_PTQuantizedConv2d_For_FPGA,Long statement,BN_fuse,817,/Volumes/BrokeExt/NICHE/SpursLipu_YOLOv3-ModelCompression-MultidatasetTraining-Multibackbone/utils/quantized/quantized_ptq.py,A line with 130 chars in BN_fuse exceeds the maximum length of 120 characters.
SpursLipu_YOLOv3-ModelCompression-MultidatasetTraining-Multibackbone.utils.quantized,quantized_ptq,AveragedRangeTracker,Magic number,__init__,58,/Volumes/BrokeExt/NICHE/SpursLipu_YOLOv3-ModelCompression-MultidatasetTraining-Multibackbone/utils/quantized/quantized_ptq.py,Magic number 0.1 used in __init__.
SpursLipu_YOLOv3-ModelCompression-MultidatasetTraining-Multibackbone.utils.quantized,quantized_ptq,Quantizer,Magic number,forward,132,/Volumes/BrokeExt/NICHE/SpursLipu_YOLOv3-ModelCompression-MultidatasetTraining-Multibackbone/utils/quantized/quantized_ptq.py,Magic number 32 used in forward.
SpursLipu_YOLOv3-ModelCompression-MultidatasetTraining-Multibackbone.utils.quantized,quantized_ptq,Quantizer,Magic number,get_quantize_value,148,/Volumes/BrokeExt/NICHE/SpursLipu_YOLOv3-ModelCompression-MultidatasetTraining-Multibackbone/utils/quantized/quantized_ptq.py,Magic number 32 used in get_quantize_value.
SpursLipu_YOLOv3-ModelCompression-MultidatasetTraining-Multibackbone.utils.quantized,quantized_ptq,SymmetricQuantizer,Magic number,update_params,183,/Volumes/BrokeExt/NICHE/SpursLipu_YOLOv3-ModelCompression-MultidatasetTraining-Multibackbone/utils/quantized/quantized_ptq.py,Magic number 2 used in update_params.
SpursLipu_YOLOv3-ModelCompression-MultidatasetTraining-Multibackbone.utils.quantized,quantized_ptq,SymmetricQuantizer,Magic number,update_params,184,/Volumes/BrokeExt/NICHE/SpursLipu_YOLOv3-ModelCompression-MultidatasetTraining-Multibackbone/utils/quantized/quantized_ptq.py,Magic number 2 used in update_params.
SpursLipu_YOLOv3-ModelCompression-MultidatasetTraining-Multibackbone.utils.quantized,quantized_ptq,AsymmetricQuantizer,Magic number,update_params,208,/Volumes/BrokeExt/NICHE/SpursLipu_YOLOv3-ModelCompression-MultidatasetTraining-Multibackbone/utils/quantized/quantized_ptq.py,Magic number 2 used in update_params.
SpursLipu_YOLOv3-ModelCompression-MultidatasetTraining-Multibackbone.utils.quantized,quantized_ptq,AsymmetricQuantizer,Magic number,update_params,209,/Volumes/BrokeExt/NICHE/SpursLipu_YOLOv3-ModelCompression-MultidatasetTraining-Multibackbone/utils/quantized/quantized_ptq.py,Magic number 2 used in update_params.
SpursLipu_YOLOv3-ModelCompression-MultidatasetTraining-Multibackbone.utils.quantized,quantized_ptq,PTQuantizedConv2d,Magic number,__init__,230,/Volumes/BrokeExt/NICHE/SpursLipu_YOLOv3-ModelCompression-MultidatasetTraining-Multibackbone/utils/quantized/quantized_ptq.py,Magic number 8 used in __init__.
SpursLipu_YOLOv3-ModelCompression-MultidatasetTraining-Multibackbone.utils.quantized,quantized_ptq,PTQuantizedConv2d,Magic number,__init__,231,/Volumes/BrokeExt/NICHE/SpursLipu_YOLOv3-ModelCompression-MultidatasetTraining-Multibackbone/utils/quantized/quantized_ptq.py,Magic number 8 used in __init__.
SpursLipu_YOLOv3-ModelCompression-MultidatasetTraining-Multibackbone.utils.quantized,quantized_ptq,PTQuantizedConv2d,Magic number,forward,262,/Volumes/BrokeExt/NICHE/SpursLipu_YOLOv3-ModelCompression-MultidatasetTraining-Multibackbone/utils/quantized/quantized_ptq.py,Magic number 3 used in forward.
SpursLipu_YOLOv3-ModelCompression-MultidatasetTraining-Multibackbone.utils.quantized,quantized_ptq,BNFold_PTQuantizedConv2d_For_FPGA,Magic number,__init__,304,/Volumes/BrokeExt/NICHE/SpursLipu_YOLOv3-ModelCompression-MultidatasetTraining-Multibackbone/utils/quantized/quantized_ptq.py,Magic number 1e-05 used in __init__.
SpursLipu_YOLOv3-ModelCompression-MultidatasetTraining-Multibackbone.utils.quantized,quantized_ptq,BNFold_PTQuantizedConv2d_For_FPGA,Magic number,__init__,305,/Volumes/BrokeExt/NICHE/SpursLipu_YOLOv3-ModelCompression-MultidatasetTraining-Multibackbone/utils/quantized/quantized_ptq.py,Magic number 0.01 used in __init__.
SpursLipu_YOLOv3-ModelCompression-MultidatasetTraining-Multibackbone.utils.quantized,quantized_ptq,BNFold_PTQuantizedConv2d_For_FPGA,Magic number,__init__,306,/Volumes/BrokeExt/NICHE/SpursLipu_YOLOv3-ModelCompression-MultidatasetTraining-Multibackbone/utils/quantized/quantized_ptq.py,Magic number 8 used in __init__.
SpursLipu_YOLOv3-ModelCompression-MultidatasetTraining-Multibackbone.utils.quantized,quantized_ptq,BNFold_PTQuantizedConv2d_For_FPGA,Magic number,__init__,307,/Volumes/BrokeExt/NICHE/SpursLipu_YOLOv3-ModelCompression-MultidatasetTraining-Multibackbone/utils/quantized/quantized_ptq.py,Magic number 8 used in __init__.
SpursLipu_YOLOv3-ModelCompression-MultidatasetTraining-Multibackbone.utils.quantized,quantized_ptq,BNFold_PTQuantizedConv2d_For_FPGA,Magic number,__init__,312,/Volumes/BrokeExt/NICHE/SpursLipu_YOLOv3-ModelCompression-MultidatasetTraining-Multibackbone/utils/quantized/quantized_ptq.py,Magic number 32 used in __init__.
SpursLipu_YOLOv3-ModelCompression-MultidatasetTraining-Multibackbone.utils.quantized,quantized_ptq,BNFold_PTQuantizedConv2d_For_FPGA,Magic number,__init__,312,/Volumes/BrokeExt/NICHE/SpursLipu_YOLOv3-ModelCompression-MultidatasetTraining-Multibackbone/utils/quantized/quantized_ptq.py,Magic number 32 used in __init__.
SpursLipu_YOLOv3-ModelCompression-MultidatasetTraining-Multibackbone.utils.quantized,quantized_ptq,BNFold_PTQuantizedConv2d_For_FPGA,Magic number,forward,651,/Volumes/BrokeExt/NICHE/SpursLipu_YOLOv3-ModelCompression-MultidatasetTraining-Multibackbone/utils/quantized/quantized_ptq.py,Magic number 6.0 used in forward.
SpursLipu_YOLOv3-ModelCompression-MultidatasetTraining-Multibackbone.utils.quantized,quantized_ptq,BNFold_PTQuantizedConv2d_For_FPGA,Magic number,forward,443,/Volumes/BrokeExt/NICHE/SpursLipu_YOLOv3-ModelCompression-MultidatasetTraining-Multibackbone/utils/quantized/quantized_ptq.py,Magic number 3 used in forward.
SpursLipu_YOLOv3-ModelCompression-MultidatasetTraining-Multibackbone.utils.quantized,quantized_ptq,BNFold_PTQuantizedConv2d_For_FPGA,Magic number,forward,556,/Volumes/BrokeExt/NICHE/SpursLipu_YOLOv3-ModelCompression-MultidatasetTraining-Multibackbone/utils/quantized/quantized_ptq.py,Magic number 3 used in forward.
SpursLipu_YOLOv3-ModelCompression-MultidatasetTraining-Multibackbone.utils.quantized,quantized_ptq_cos,BNFold_COSPTQuantizedConv2d_For_FPGA,Complex method,forward,193 - 721,/Volumes/BrokeExt/NICHE/SpursLipu_YOLOv3-ModelCompression-MultidatasetTraining-Multibackbone/utils/quantized/quantized_ptq_cos.py,"Method 'forward' has a cyclomatic complexity of 79, exceeding the max of 6."
SpursLipu_YOLOv3-ModelCompression-MultidatasetTraining-Multibackbone.utils.quantized,quantized_ptq_cos,COSPTQuantizedShortcut_min,Complex method,forward,821 - 1055,/Volumes/BrokeExt/NICHE/SpursLipu_YOLOv3-ModelCompression-MultidatasetTraining-Multibackbone/utils/quantized/quantized_ptq_cos.py,"Method 'forward' has a cyclomatic complexity of 41, exceeding the max of 6."
SpursLipu_YOLOv3-ModelCompression-MultidatasetTraining-Multibackbone.utils.quantized,quantized_ptq_cos,COSPTQuantizedShortcut_max,Complex method,forward,1136 - 1361,/Volumes/BrokeExt/NICHE/SpursLipu_YOLOv3-ModelCompression-MultidatasetTraining-Multibackbone/utils/quantized/quantized_ptq_cos.py,"Method 'forward' has a cyclomatic complexity of 38, exceeding the max of 6."
SpursLipu_YOLOv3-ModelCompression-MultidatasetTraining-Multibackbone.utils.quantized,quantized_ptq_cos,COSPTQuantizedFeatureConcat,Complex method,forward,1403 - 1553,/Volumes/BrokeExt/NICHE/SpursLipu_YOLOv3-ModelCompression-MultidatasetTraining-Multibackbone/utils/quantized/quantized_ptq_cos.py,"Method 'forward' has a cyclomatic complexity of 19, exceeding the max of 6."
SpursLipu_YOLOv3-ModelCompression-MultidatasetTraining-Multibackbone.utils.quantized,quantized_ptq_cos,BNFold_COSPTQuantizedConv2d_For_FPGA,Long identifier,,131,/Volumes/BrokeExt/NICHE/SpursLipu_YOLOv3-ModelCompression-MultidatasetTraining-Multibackbone/utils/quantized/quantized_ptq_cos.py,Identifier'BNFold_COSPTQuantizedConv2d_For_FPGA' exceeds the maximum length of 30 characters.
SpursLipu_YOLOv3-ModelCompression-MultidatasetTraining-Multibackbone.utils.quantized,quantized_ptq_cos,BNFold_COSPTQuantizedConv2d_For_FPGA,Long method,forward,193 - 721,/Volumes/BrokeExt/NICHE/SpursLipu_YOLOv3-ModelCompression-MultidatasetTraining-Multibackbone/utils/quantized/quantized_ptq_cos.py,Method 'forward' is too long (525 lines).
SpursLipu_YOLOv3-ModelCompression-MultidatasetTraining-Multibackbone.utils.quantized,quantized_ptq_cos,COSPTQuantizedShortcut_min,Long method,forward,821 - 1055,/Volumes/BrokeExt/NICHE/SpursLipu_YOLOv3-ModelCompression-MultidatasetTraining-Multibackbone/utils/quantized/quantized_ptq_cos.py,Method 'forward' is too long (232 lines).
SpursLipu_YOLOv3-ModelCompression-MultidatasetTraining-Multibackbone.utils.quantized,quantized_ptq_cos,COSPTQuantizedShortcut_max,Long method,forward,1136 - 1361,/Volumes/BrokeExt/NICHE/SpursLipu_YOLOv3-ModelCompression-MultidatasetTraining-Multibackbone/utils/quantized/quantized_ptq_cos.py,Method 'forward' is too long (223 lines).
SpursLipu_YOLOv3-ModelCompression-MultidatasetTraining-Multibackbone.utils.quantized,quantized_ptq_cos,COSPTQuantizedFeatureConcat,Long method,forward,1403 - 1553,/Volumes/BrokeExt/NICHE/SpursLipu_YOLOv3-ModelCompression-MultidatasetTraining-Multibackbone/utils/quantized/quantized_ptq_cos.py,Method 'forward' is too long (151 lines).
SpursLipu_YOLOv3-ModelCompression-MultidatasetTraining-Multibackbone.utils.quantized,quantized_ptq_cos,BNFold_COSPTQuantizedConv2d_For_FPGA,Long parameter list,__init__,132 - 191,/Volumes/BrokeExt/NICHE/SpursLipu_YOLOv3-ModelCompression-MultidatasetTraining-Multibackbone/utils/quantized/quantized_ptq_cos.py,"__init__ has 21 parameters, exceeding the max of 5."
SpursLipu_YOLOv3-ModelCompression-MultidatasetTraining-Multibackbone.utils.quantized,quantized_ptq_cos,COSPTQuantizedShortcut_min,Long parameter list,__init__,742 - 770,/Volumes/BrokeExt/NICHE/SpursLipu_YOLOv3-ModelCompression-MultidatasetTraining-Multibackbone/utils/quantized/quantized_ptq_cos.py,"__init__ has 9 parameters, exceeding the max of 5."
SpursLipu_YOLOv3-ModelCompression-MultidatasetTraining-Multibackbone.utils.quantized,quantized_ptq_cos,COSPTQuantizedShortcut_max,Long parameter list,__init__,1059 - 1085,/Volumes/BrokeExt/NICHE/SpursLipu_YOLOv3-ModelCompression-MultidatasetTraining-Multibackbone/utils/quantized/quantized_ptq_cos.py,"__init__ has 9 parameters, exceeding the max of 5."
SpursLipu_YOLOv3-ModelCompression-MultidatasetTraining-Multibackbone.utils.quantized,quantized_ptq_cos,COSPTQuantizedFeatureConcat,Long parameter list,__init__,1365 - 1380,/Volumes/BrokeExt/NICHE/SpursLipu_YOLOv3-ModelCompression-MultidatasetTraining-Multibackbone/utils/quantized/quantized_ptq_cos.py,"__init__ has 9 parameters, exceeding the max of 5."
SpursLipu_YOLOv3-ModelCompression-MultidatasetTraining-Multibackbone.utils.quantized,quantized_ptq_cos,BNFold_COSPTQuantizedConv2d_For_FPGA,Long statement,__init__,152,/Volumes/BrokeExt/NICHE/SpursLipu_YOLOv3-ModelCompression-MultidatasetTraining-Multibackbone/utils/quantized/quantized_ptq_cos.py,A line with 170 chars in __init__ exceeds the maximum length of 120 characters.
SpursLipu_YOLOv3-ModelCompression-MultidatasetTraining-Multibackbone.utils.quantized,quantized_ptq_cos,BNFold_COSPTQuantizedConv2d_For_FPGA,Long statement,forward,198,/Volumes/BrokeExt/NICHE/SpursLipu_YOLOv3-ModelCompression-MultidatasetTraining-Multibackbone/utils/quantized/quantized_ptq_cos.py,A line with 140 chars in forward exceeds the maximum length of 120 characters.
SpursLipu_YOLOv3-ModelCompression-MultidatasetTraining-Multibackbone.utils.quantized,quantized_ptq_cos,BNFold_COSPTQuantizedConv2d_For_FPGA,Long statement,forward,201,/Volumes/BrokeExt/NICHE/SpursLipu_YOLOv3-ModelCompression-MultidatasetTraining-Multibackbone/utils/quantized/quantized_ptq_cos.py,A line with 126 chars in forward exceeds the maximum length of 120 characters.
SpursLipu_YOLOv3-ModelCompression-MultidatasetTraining-Multibackbone.utils.quantized,quantized_ptq_cos,BNFold_COSPTQuantizedConv2d_For_FPGA,Long statement,forward,222,/Volumes/BrokeExt/NICHE/SpursLipu_YOLOv3-ModelCompression-MultidatasetTraining-Multibackbone/utils/quantized/quantized_ptq_cos.py,A line with 164 chars in forward exceeds the maximum length of 120 characters.
SpursLipu_YOLOv3-ModelCompression-MultidatasetTraining-Multibackbone.utils.quantized,quantized_ptq_cos,BNFold_COSPTQuantizedConv2d_For_FPGA,Long statement,forward,235,/Volumes/BrokeExt/NICHE/SpursLipu_YOLOv3-ModelCompression-MultidatasetTraining-Multibackbone/utils/quantized/quantized_ptq_cos.py,A line with 162 chars in forward exceeds the maximum length of 120 characters.
SpursLipu_YOLOv3-ModelCompression-MultidatasetTraining-Multibackbone.utils.quantized,quantized_ptq_cos,BNFold_COSPTQuantizedConv2d_For_FPGA,Long statement,forward,246,/Volumes/BrokeExt/NICHE/SpursLipu_YOLOv3-ModelCompression-MultidatasetTraining-Multibackbone/utils/quantized/quantized_ptq_cos.py,A line with 166 chars in forward exceeds the maximum length of 120 characters.
SpursLipu_YOLOv3-ModelCompression-MultidatasetTraining-Multibackbone.utils.quantized,quantized_ptq_cos,BNFold_COSPTQuantizedConv2d_For_FPGA,Long statement,forward,278,/Volumes/BrokeExt/NICHE/SpursLipu_YOLOv3-ModelCompression-MultidatasetTraining-Multibackbone/utils/quantized/quantized_ptq_cos.py,A line with 162 chars in forward exceeds the maximum length of 120 characters.
SpursLipu_YOLOv3-ModelCompression-MultidatasetTraining-Multibackbone.utils.quantized,quantized_ptq_cos,BNFold_COSPTQuantizedConv2d_For_FPGA,Long statement,forward,288,/Volumes/BrokeExt/NICHE/SpursLipu_YOLOv3-ModelCompression-MultidatasetTraining-Multibackbone/utils/quantized/quantized_ptq_cos.py,A line with 156 chars in forward exceeds the maximum length of 120 characters.
SpursLipu_YOLOv3-ModelCompression-MultidatasetTraining-Multibackbone.utils.quantized,quantized_ptq_cos,BNFold_COSPTQuantizedConv2d_For_FPGA,Long statement,forward,381,/Volumes/BrokeExt/NICHE/SpursLipu_YOLOv3-ModelCompression-MultidatasetTraining-Multibackbone/utils/quantized/quantized_ptq_cos.py,A line with 251 chars in forward exceeds the maximum length of 120 characters.
SpursLipu_YOLOv3-ModelCompression-MultidatasetTraining-Multibackbone.utils.quantized,quantized_ptq_cos,BNFold_COSPTQuantizedConv2d_For_FPGA,Long statement,forward,493,/Volumes/BrokeExt/NICHE/SpursLipu_YOLOv3-ModelCompression-MultidatasetTraining-Multibackbone/utils/quantized/quantized_ptq_cos.py,A line with 251 chars in forward exceeds the maximum length of 120 characters.
SpursLipu_YOLOv3-ModelCompression-MultidatasetTraining-Multibackbone.utils.quantized,quantized_ptq_cos,BNFold_COSPTQuantizedConv2d_For_FPGA,Long statement,forward,623,/Volumes/BrokeExt/NICHE/SpursLipu_YOLOv3-ModelCompression-MultidatasetTraining-Multibackbone/utils/quantized/quantized_ptq_cos.py,A line with 257 chars in forward exceeds the maximum length of 120 characters.
SpursLipu_YOLOv3-ModelCompression-MultidatasetTraining-Multibackbone.utils.quantized,quantized_ptq_cos,BNFold_COSPTQuantizedConv2d_For_FPGA,Long statement,forward,630,/Volumes/BrokeExt/NICHE/SpursLipu_YOLOv3-ModelCompression-MultidatasetTraining-Multibackbone/utils/quantized/quantized_ptq_cos.py,A line with 122 chars in forward exceeds the maximum length of 120 characters.
SpursLipu_YOLOv3-ModelCompression-MultidatasetTraining-Multibackbone.utils.quantized,quantized_ptq_cos,BNFold_COSPTQuantizedConv2d_For_FPGA,Long statement,forward,691,/Volumes/BrokeExt/NICHE/SpursLipu_YOLOv3-ModelCompression-MultidatasetTraining-Multibackbone/utils/quantized/quantized_ptq_cos.py,A line with 257 chars in forward exceeds the maximum length of 120 characters.
SpursLipu_YOLOv3-ModelCompression-MultidatasetTraining-Multibackbone.utils.quantized,quantized_ptq_cos,BNFold_COSPTQuantizedConv2d_For_FPGA,Long statement,forward,698,/Volumes/BrokeExt/NICHE/SpursLipu_YOLOv3-ModelCompression-MultidatasetTraining-Multibackbone/utils/quantized/quantized_ptq_cos.py,A line with 122 chars in forward exceeds the maximum length of 120 characters.
SpursLipu_YOLOv3-ModelCompression-MultidatasetTraining-Multibackbone.utils.quantized,quantized_ptq_cos,BNFold_COSPTQuantizedConv2d_For_FPGA,Long statement,BN_fuse,727,/Volumes/BrokeExt/NICHE/SpursLipu_YOLOv3-ModelCompression-MultidatasetTraining-Multibackbone/utils/quantized/quantized_ptq_cos.py,A line with 130 chars in BN_fuse exceeds the maximum length of 120 characters.
SpursLipu_YOLOv3-ModelCompression-MultidatasetTraining-Multibackbone.utils.quantized,quantized_ptq_cos,COSPTQuantizedShortcut_min,Long statement,forward,978,/Volumes/BrokeExt/NICHE/SpursLipu_YOLOv3-ModelCompression-MultidatasetTraining-Multibackbone/utils/quantized/quantized_ptq_cos.py,A line with 123 chars in forward exceeds the maximum length of 120 characters.
SpursLipu_YOLOv3-ModelCompression-MultidatasetTraining-Multibackbone.utils.quantized,quantized_ptq_cos,COSPTQuantizedShortcut_min,Long statement,forward,1017,/Volumes/BrokeExt/NICHE/SpursLipu_YOLOv3-ModelCompression-MultidatasetTraining-Multibackbone/utils/quantized/quantized_ptq_cos.py,A line with 123 chars in forward exceeds the maximum length of 120 characters.
SpursLipu_YOLOv3-ModelCompression-MultidatasetTraining-Multibackbone.utils.quantized,quantized_ptq_cos,COSPTQuantizedShortcut_max,Long statement,forward,1285,/Volumes/BrokeExt/NICHE/SpursLipu_YOLOv3-ModelCompression-MultidatasetTraining-Multibackbone/utils/quantized/quantized_ptq_cos.py,A line with 123 chars in forward exceeds the maximum length of 120 characters.
SpursLipu_YOLOv3-ModelCompression-MultidatasetTraining-Multibackbone.utils.quantized,quantized_ptq_cos,COSPTQuantizedShortcut_max,Long statement,forward,1324,/Volumes/BrokeExt/NICHE/SpursLipu_YOLOv3-ModelCompression-MultidatasetTraining-Multibackbone/utils/quantized/quantized_ptq_cos.py,A line with 123 chars in forward exceeds the maximum length of 120 characters.
SpursLipu_YOLOv3-ModelCompression-MultidatasetTraining-Multibackbone.utils.quantized,quantized_ptq_cos,COSPTQuantizedFeatureConcat,Long statement,forward,1419,/Volumes/BrokeExt/NICHE/SpursLipu_YOLOv3-ModelCompression-MultidatasetTraining-Multibackbone/utils/quantized/quantized_ptq_cos.py,A line with 127 chars in forward exceeds the maximum length of 120 characters.
SpursLipu_YOLOv3-ModelCompression-MultidatasetTraining-Multibackbone.utils.quantized,quantized_ptq_cos,COSPTQuantizedFeatureConcat,Long statement,forward,1471,/Volumes/BrokeExt/NICHE/SpursLipu_YOLOv3-ModelCompression-MultidatasetTraining-Multibackbone/utils/quantized/quantized_ptq_cos.py,A line with 121 chars in forward exceeds the maximum length of 120 characters.
SpursLipu_YOLOv3-ModelCompression-MultidatasetTraining-Multibackbone.utils.quantized,quantized_ptq_cos,COSPTQuantizedFeatureConcat,Long statement,forward,1518,/Volumes/BrokeExt/NICHE/SpursLipu_YOLOv3-ModelCompression-MultidatasetTraining-Multibackbone/utils/quantized/quantized_ptq_cos.py,A line with 121 chars in forward exceeds the maximum length of 120 characters.
SpursLipu_YOLOv3-ModelCompression-MultidatasetTraining-Multibackbone.utils.quantized,quantized_ptq_cos,Quantizer,Magic number,forward,65,/Volumes/BrokeExt/NICHE/SpursLipu_YOLOv3-ModelCompression-MultidatasetTraining-Multibackbone/utils/quantized/quantized_ptq_cos.py,Magic number 32 used in forward.
SpursLipu_YOLOv3-ModelCompression-MultidatasetTraining-Multibackbone.utils.quantized,quantized_ptq_cos,Quantizer,Magic number,forward,86,/Volumes/BrokeExt/NICHE/SpursLipu_YOLOv3-ModelCompression-MultidatasetTraining-Multibackbone/utils/quantized/quantized_ptq_cos.py,Magic number 5 used in forward.
SpursLipu_YOLOv3-ModelCompression-MultidatasetTraining-Multibackbone.utils.quantized,quantized_ptq_cos,Quantizer,Magic number,get_quantize_value,97,/Volumes/BrokeExt/NICHE/SpursLipu_YOLOv3-ModelCompression-MultidatasetTraining-Multibackbone/utils/quantized/quantized_ptq_cos.py,Magic number 32 used in get_quantize_value.
SpursLipu_YOLOv3-ModelCompression-MultidatasetTraining-Multibackbone.utils.quantized,quantized_ptq_cos,BNFold_COSPTQuantizedConv2d_For_FPGA,Magic number,__init__,142,/Volumes/BrokeExt/NICHE/SpursLipu_YOLOv3-ModelCompression-MultidatasetTraining-Multibackbone/utils/quantized/quantized_ptq_cos.py,Magic number 1e-05 used in __init__.
SpursLipu_YOLOv3-ModelCompression-MultidatasetTraining-Multibackbone.utils.quantized,quantized_ptq_cos,BNFold_COSPTQuantizedConv2d_For_FPGA,Magic number,__init__,143,/Volumes/BrokeExt/NICHE/SpursLipu_YOLOv3-ModelCompression-MultidatasetTraining-Multibackbone/utils/quantized/quantized_ptq_cos.py,Magic number 0.1 used in __init__.
SpursLipu_YOLOv3-ModelCompression-MultidatasetTraining-Multibackbone.utils.quantized,quantized_ptq_cos,BNFold_COSPTQuantizedConv2d_For_FPGA,Magic number,__init__,144,/Volumes/BrokeExt/NICHE/SpursLipu_YOLOv3-ModelCompression-MultidatasetTraining-Multibackbone/utils/quantized/quantized_ptq_cos.py,Magic number 8 used in __init__.
SpursLipu_YOLOv3-ModelCompression-MultidatasetTraining-Multibackbone.utils.quantized,quantized_ptq_cos,BNFold_COSPTQuantizedConv2d_For_FPGA,Magic number,__init__,145,/Volumes/BrokeExt/NICHE/SpursLipu_YOLOv3-ModelCompression-MultidatasetTraining-Multibackbone/utils/quantized/quantized_ptq_cos.py,Magic number 8 used in __init__.
SpursLipu_YOLOv3-ModelCompression-MultidatasetTraining-Multibackbone.utils.quantized,quantized_ptq_cos,BNFold_COSPTQuantizedConv2d_For_FPGA,Magic number,__init__,149,/Volumes/BrokeExt/NICHE/SpursLipu_YOLOv3-ModelCompression-MultidatasetTraining-Multibackbone/utils/quantized/quantized_ptq_cos.py,Magic number 32 used in __init__.
SpursLipu_YOLOv3-ModelCompression-MultidatasetTraining-Multibackbone.utils.quantized,quantized_ptq_cos,BNFold_COSPTQuantizedConv2d_For_FPGA,Magic number,__init__,149,/Volumes/BrokeExt/NICHE/SpursLipu_YOLOv3-ModelCompression-MultidatasetTraining-Multibackbone/utils/quantized/quantized_ptq_cos.py,Magic number 32 used in __init__.
SpursLipu_YOLOv3-ModelCompression-MultidatasetTraining-Multibackbone.utils.quantized,quantized_ptq_cos,BNFold_COSPTQuantizedConv2d_For_FPGA,Magic number,forward,255,/Volumes/BrokeExt/NICHE/SpursLipu_YOLOv3-ModelCompression-MultidatasetTraining-Multibackbone/utils/quantized/quantized_ptq_cos.py,Magic number 0.05 used in forward.
SpursLipu_YOLOv3-ModelCompression-MultidatasetTraining-Multibackbone.utils.quantized,quantized_ptq_cos,BNFold_COSPTQuantizedConv2d_For_FPGA,Magic number,forward,259,/Volumes/BrokeExt/NICHE/SpursLipu_YOLOv3-ModelCompression-MultidatasetTraining-Multibackbone/utils/quantized/quantized_ptq_cos.py,Magic number 1.25 used in forward.
SpursLipu_YOLOv3-ModelCompression-MultidatasetTraining-Multibackbone.utils.quantized,quantized_ptq_cos,BNFold_COSPTQuantizedConv2d_For_FPGA,Magic number,forward,262,/Volumes/BrokeExt/NICHE/SpursLipu_YOLOv3-ModelCompression-MultidatasetTraining-Multibackbone/utils/quantized/quantized_ptq_cos.py,Magic number 0.2 used in forward.
SpursLipu_YOLOv3-ModelCompression-MultidatasetTraining-Multibackbone.utils.quantized,quantized_ptq_cos,BNFold_COSPTQuantizedConv2d_For_FPGA,Magic number,forward,263,/Volumes/BrokeExt/NICHE/SpursLipu_YOLOv3-ModelCompression-MultidatasetTraining-Multibackbone/utils/quantized/quantized_ptq_cos.py,Magic number 0.2 used in forward.
SpursLipu_YOLOv3-ModelCompression-MultidatasetTraining-Multibackbone.utils.quantized,quantized_ptq_cos,BNFold_COSPTQuantizedConv2d_For_FPGA,Magic number,forward,264,/Volumes/BrokeExt/NICHE/SpursLipu_YOLOv3-ModelCompression-MultidatasetTraining-Multibackbone/utils/quantized/quantized_ptq_cos.py,Magic number 4.0 used in forward.
SpursLipu_YOLOv3-ModelCompression-MultidatasetTraining-Multibackbone.utils.quantized,quantized_ptq_cos,BNFold_COSPTQuantizedConv2d_For_FPGA,Magic number,forward,552,/Volumes/BrokeExt/NICHE/SpursLipu_YOLOv3-ModelCompression-MultidatasetTraining-Multibackbone/utils/quantized/quantized_ptq_cos.py,Magic number 6.0 used in forward.
SpursLipu_YOLOv3-ModelCompression-MultidatasetTraining-Multibackbone.utils.quantized,quantized_ptq_cos,BNFold_COSPTQuantizedConv2d_For_FPGA,Magic number,forward,265,/Volumes/BrokeExt/NICHE/SpursLipu_YOLOv3-ModelCompression-MultidatasetTraining-Multibackbone/utils/quantized/quantized_ptq_cos.py,Magic number 0.5 used in forward.
SpursLipu_YOLOv3-ModelCompression-MultidatasetTraining-Multibackbone.utils.quantized,quantized_ptq_cos,BNFold_COSPTQuantizedConv2d_For_FPGA,Magic number,forward,266,/Volumes/BrokeExt/NICHE/SpursLipu_YOLOv3-ModelCompression-MultidatasetTraining-Multibackbone/utils/quantized/quantized_ptq_cos.py,Magic number 4.3 used in forward.
SpursLipu_YOLOv3-ModelCompression-MultidatasetTraining-Multibackbone.utils.quantized,quantized_ptq_cos,BNFold_COSPTQuantizedConv2d_For_FPGA,Magic number,forward,266,/Volumes/BrokeExt/NICHE/SpursLipu_YOLOv3-ModelCompression-MultidatasetTraining-Multibackbone/utils/quantized/quantized_ptq_cos.py,Magic number 0.05 used in forward.
SpursLipu_YOLOv3-ModelCompression-MultidatasetTraining-Multibackbone.utils.quantized,quantized_ptq_cos,BNFold_COSPTQuantizedConv2d_For_FPGA,Magic number,forward,267,/Volumes/BrokeExt/NICHE/SpursLipu_YOLOv3-ModelCompression-MultidatasetTraining-Multibackbone/utils/quantized/quantized_ptq_cos.py,Magic number 0.05 used in forward.
SpursLipu_YOLOv3-ModelCompression-MultidatasetTraining-Multibackbone.utils.quantized,quantized_ptq_cos,BNFold_COSPTQuantizedConv2d_For_FPGA,Magic number,forward,554,/Volumes/BrokeExt/NICHE/SpursLipu_YOLOv3-ModelCompression-MultidatasetTraining-Multibackbone/utils/quantized/quantized_ptq_cos.py,Magic number 6.0 used in forward.
SpursLipu_YOLOv3-ModelCompression-MultidatasetTraining-Multibackbone.utils.quantized,quantized_ptq_cos,BNFold_COSPTQuantizedConv2d_For_FPGA,Magic number,forward,262,/Volumes/BrokeExt/NICHE/SpursLipu_YOLOv3-ModelCompression-MultidatasetTraining-Multibackbone/utils/quantized/quantized_ptq_cos.py,Magic number 4 used in forward.
SpursLipu_YOLOv3-ModelCompression-MultidatasetTraining-Multibackbone.utils.quantized,quantized_ptq_cos,BNFold_COSPTQuantizedConv2d_For_FPGA,Magic number,forward,263,/Volumes/BrokeExt/NICHE/SpursLipu_YOLOv3-ModelCompression-MultidatasetTraining-Multibackbone/utils/quantized/quantized_ptq_cos.py,Magic number 4 used in forward.
SpursLipu_YOLOv3-ModelCompression-MultidatasetTraining-Multibackbone.utils.quantized,quantized_ptq_cos,BNFold_COSPTQuantizedConv2d_For_FPGA,Magic number,forward,351,/Volumes/BrokeExt/NICHE/SpursLipu_YOLOv3-ModelCompression-MultidatasetTraining-Multibackbone/utils/quantized/quantized_ptq_cos.py,Magic number 3 used in forward.
SpursLipu_YOLOv3-ModelCompression-MultidatasetTraining-Multibackbone.utils.quantized,quantized_ptq_cos,BNFold_COSPTQuantizedConv2d_For_FPGA,Magic number,forward,463,/Volumes/BrokeExt/NICHE/SpursLipu_YOLOv3-ModelCompression-MultidatasetTraining-Multibackbone/utils/quantized/quantized_ptq_cos.py,Magic number 3 used in forward.
SpursLipu_YOLOv3-ModelCompression-MultidatasetTraining-Multibackbone.utils.quantized,quantized_ptq_cos,COSPTQuantizedShortcut_min,Magic number,__init__,742,/Volumes/BrokeExt/NICHE/SpursLipu_YOLOv3-ModelCompression-MultidatasetTraining-Multibackbone/utils/quantized/quantized_ptq_cos.py,Magic number 8 used in __init__.
SpursLipu_YOLOv3-ModelCompression-MultidatasetTraining-Multibackbone.utils.quantized,quantized_ptq_cos,COSPTQuantizedShortcut_min,Magic number,__init__,743,/Volumes/BrokeExt/NICHE/SpursLipu_YOLOv3-ModelCompression-MultidatasetTraining-Multibackbone/utils/quantized/quantized_ptq_cos.py,Magic number 32 used in __init__.
SpursLipu_YOLOv3-ModelCompression-MultidatasetTraining-Multibackbone.utils.quantized,quantized_ptq_cos,COSPTQuantizedShortcut_min,Magic number,__init__,743,/Volumes/BrokeExt/NICHE/SpursLipu_YOLOv3-ModelCompression-MultidatasetTraining-Multibackbone/utils/quantized/quantized_ptq_cos.py,Magic number 32 used in __init__.
SpursLipu_YOLOv3-ModelCompression-MultidatasetTraining-Multibackbone.utils.quantized,quantized_ptq_cos,COSPTQuantizedShortcut_min,Magic number,forward,827,/Volumes/BrokeExt/NICHE/SpursLipu_YOLOv3-ModelCompression-MultidatasetTraining-Multibackbone/utils/quantized/quantized_ptq_cos.py,Magic number 2 used in forward.
SpursLipu_YOLOv3-ModelCompression-MultidatasetTraining-Multibackbone.utils.quantized,quantized_ptq_cos,COSPTQuantizedShortcut_min,Magic number,forward,1035,/Volumes/BrokeExt/NICHE/SpursLipu_YOLOv3-ModelCompression-MultidatasetTraining-Multibackbone/utils/quantized/quantized_ptq_cos.py,Magic number 2 used in forward.
SpursLipu_YOLOv3-ModelCompression-MultidatasetTraining-Multibackbone.utils.quantized,quantized_ptq_cos,COSPTQuantizedShortcut_max,Magic number,__init__,1059,/Volumes/BrokeExt/NICHE/SpursLipu_YOLOv3-ModelCompression-MultidatasetTraining-Multibackbone/utils/quantized/quantized_ptq_cos.py,Magic number 8 used in __init__.
SpursLipu_YOLOv3-ModelCompression-MultidatasetTraining-Multibackbone.utils.quantized,quantized_ptq_cos,COSPTQuantizedShortcut_max,Magic number,__init__,1060,/Volumes/BrokeExt/NICHE/SpursLipu_YOLOv3-ModelCompression-MultidatasetTraining-Multibackbone/utils/quantized/quantized_ptq_cos.py,Magic number 32 used in __init__.
SpursLipu_YOLOv3-ModelCompression-MultidatasetTraining-Multibackbone.utils.quantized,quantized_ptq_cos,COSPTQuantizedShortcut_max,Magic number,__init__,1060,/Volumes/BrokeExt/NICHE/SpursLipu_YOLOv3-ModelCompression-MultidatasetTraining-Multibackbone/utils/quantized/quantized_ptq_cos.py,Magic number 32 used in __init__.
SpursLipu_YOLOv3-ModelCompression-MultidatasetTraining-Multibackbone.utils.quantized,quantized_ptq_cos,COSPTQuantizedShortcut_max,Magic number,forward,1142,/Volumes/BrokeExt/NICHE/SpursLipu_YOLOv3-ModelCompression-MultidatasetTraining-Multibackbone/utils/quantized/quantized_ptq_cos.py,Magic number 2 used in forward.
SpursLipu_YOLOv3-ModelCompression-MultidatasetTraining-Multibackbone.utils.quantized,quantized_ptq_cos,COSPTQuantizedShortcut_max,Magic number,forward,1341,/Volumes/BrokeExt/NICHE/SpursLipu_YOLOv3-ModelCompression-MultidatasetTraining-Multibackbone/utils/quantized/quantized_ptq_cos.py,Magic number 2 used in forward.
SpursLipu_YOLOv3-ModelCompression-MultidatasetTraining-Multibackbone.utils.quantized,quantized_ptq_cos,COSPTQuantizedFeatureConcat,Magic number,__init__,1365,/Volumes/BrokeExt/NICHE/SpursLipu_YOLOv3-ModelCompression-MultidatasetTraining-Multibackbone/utils/quantized/quantized_ptq_cos.py,Magic number 8 used in __init__.
SpursLipu_YOLOv3-ModelCompression-MultidatasetTraining-Multibackbone.utils.quantized,quantized_ptq_cos,COSPTQuantizedFeatureConcat,Magic number,__init__,1366,/Volumes/BrokeExt/NICHE/SpursLipu_YOLOv3-ModelCompression-MultidatasetTraining-Multibackbone/utils/quantized/quantized_ptq_cos.py,Magic number 32 used in __init__.
SpursLipu_YOLOv3-ModelCompression-MultidatasetTraining-Multibackbone.utils.quantized,quantized_ptq_cos,COSPTQuantizedFeatureConcat,Magic number,__init__,1366,/Volumes/BrokeExt/NICHE/SpursLipu_YOLOv3-ModelCompression-MultidatasetTraining-Multibackbone/utils/quantized/quantized_ptq_cos.py,Magic number 32 used in __init__.
SpursLipu_YOLOv3-ModelCompression-MultidatasetTraining-Multibackbone.utils.quantized,quantized_ptq_cos,COSPTQuantizedFeatureConcat,Magic number,__init__,1374,/Volumes/BrokeExt/NICHE/SpursLipu_YOLOv3-ModelCompression-MultidatasetTraining-Multibackbone/utils/quantized/quantized_ptq_cos.py,Magic number 0.1 used in __init__.
SpursLipu_YOLOv3-ModelCompression-MultidatasetTraining-Multibackbone.utils.quantized,quantized_ptq_cos,COSPTQuantizedFeatureConcat,Magic number,forward,1426,/Volumes/BrokeExt/NICHE/SpursLipu_YOLOv3-ModelCompression-MultidatasetTraining-Multibackbone/utils/quantized/quantized_ptq_cos.py,Magic number 2 used in forward.
SpursLipu_YOLOv3-ModelCompression-MultidatasetTraining-Multibackbone.utils.quantized,quantized_ptq_cos,COSPTQuantizedFeatureConcat,Magic number,forward,1427,/Volumes/BrokeExt/NICHE/SpursLipu_YOLOv3-ModelCompression-MultidatasetTraining-Multibackbone/utils/quantized/quantized_ptq_cos.py,Magic number 2 used in forward.
SpursLipu_YOLOv3-ModelCompression-MultidatasetTraining-Multibackbone.utils.quantized,quantized_ptq_cos,COSPTQuantizedFeatureConcat,Magic number,forward,1551,/Volumes/BrokeExt/NICHE/SpursLipu_YOLOv3-ModelCompression-MultidatasetTraining-Multibackbone/utils/quantized/quantized_ptq_cos.py,Magic number 2 used in forward.
SpursLipu_YOLOv3-ModelCompression-MultidatasetTraining-Multibackbone.utils.quantized,quantized_ptq_cos,COSPTQuantizedFeatureConcat,Magic number,forward,1549,/Volumes/BrokeExt/NICHE/SpursLipu_YOLOv3-ModelCompression-MultidatasetTraining-Multibackbone/utils/quantized/quantized_ptq_cos.py,Magic number 2 used in forward.
SpursLipu_YOLOv3-ModelCompression-MultidatasetTraining-Multibackbone.utils.quantized,quantized_ptq_cos,COSPTQuantizedFeatureConcat,Magic number,forward,1549,/Volumes/BrokeExt/NICHE/SpursLipu_YOLOv3-ModelCompression-MultidatasetTraining-Multibackbone/utils/quantized/quantized_ptq_cos.py,Magic number 2 used in forward.
