Package,Module,Class,Smell,Function/Method,Line no,File,Details
richzhang_colorization-pytorch,make_ilsvrc_dataset,,Long statement,,35,/Volumes/BrokeExt/NICHE/richzhang_colorization-pytorch/make_ilsvrc_dataset.py,A line with 134 chars in make_ilsvrc_dataset exceeds the maximum length of 120 characters.
richzhang_colorization-pytorch,make_ilsvrc_dataset,,Long statement,,44,/Volumes/BrokeExt/NICHE/richzhang_colorization-pytorch/make_ilsvrc_dataset.py,A line with 135 chars in make_ilsvrc_dataset exceeds the maximum length of 120 characters.
richzhang_colorization-pytorch,test,,Long statement,,32,/Volumes/BrokeExt/NICHE/richzhang_colorization-pytorch/test.py,A line with 160 chars in test exceeds the maximum length of 120 characters.
richzhang_colorization-pytorch,test_sweep,,Long statement,,36,/Volumes/BrokeExt/NICHE/richzhang_colorization-pytorch/test_sweep.py,A line with 160 chars in test_sweep exceeds the maximum length of 120 characters.
richzhang_colorization-pytorch,test_sweep,,Long statement,,49,/Volumes/BrokeExt/NICHE/richzhang_colorization-pytorch/test_sweep.py,A line with 122 chars in test_sweep exceeds the maximum length of 120 characters.
richzhang_colorization-pytorch,train,,Long statement,,16,/Volumes/BrokeExt/NICHE/richzhang_colorization-pytorch/train.py,A line with 731 chars in train exceeds the maximum length of 120 characters.
richzhang_colorization-pytorch,train,,Long statement,,29,/Volumes/BrokeExt/NICHE/richzhang_colorization-pytorch/train.py,A line with 128 chars in train exceeds the maximum length of 120 characters.
richzhang_colorization-pytorch,train,,Long statement,,88,/Volumes/BrokeExt/NICHE/richzhang_colorization-pytorch/train.py,A line with 128 chars in train exceeds the maximum length of 120 characters.
richzhang_colorization-pytorch.data,__init__,,Long statement,find_dataset_using_name,25,/Volumes/BrokeExt/NICHE/richzhang_colorization-pytorch/data/__init__.py,A line with 150 chars in find_dataset_using_name exceeds the maximum length of 120 characters.
richzhang_colorization-pytorch.data,__init__,CustomDatasetDataLoader,Long statement,initialize,59,/Volumes/BrokeExt/NICHE/richzhang_colorization-pytorch/data/__init__.py,A line with 154 chars in initialize exceeds the maximum length of 120 characters.
richzhang_colorization-pytorch.data,aligned_dataset,AlignedDataset,Magic number,__getitem__,47,/Volumes/BrokeExt/NICHE/richzhang_colorization-pytorch/data/aligned_dataset.py,Magic number 0.5 used in __getitem__.
richzhang_colorization-pytorch.data,aligned_dataset,AlignedDataset,Magic number,__getitem__,54,/Volumes/BrokeExt/NICHE/richzhang_colorization-pytorch/data/aligned_dataset.py,Magic number 0.114 used in __getitem__.
richzhang_colorization-pytorch.data,aligned_dataset,AlignedDataset,Magic number,__getitem__,58,/Volumes/BrokeExt/NICHE/richzhang_colorization-pytorch/data/aligned_dataset.py,Magic number 0.114 used in __getitem__.
richzhang_colorization-pytorch.data,aligned_dataset,AlignedDataset,Magic number,__getitem__,54,/Volumes/BrokeExt/NICHE/richzhang_colorization-pytorch/data/aligned_dataset.py,Magic number 0.299 used in __getitem__.
richzhang_colorization-pytorch.data,aligned_dataset,AlignedDataset,Magic number,__getitem__,54,/Volumes/BrokeExt/NICHE/richzhang_colorization-pytorch/data/aligned_dataset.py,Magic number 0.587 used in __getitem__.
richzhang_colorization-pytorch.data,aligned_dataset,AlignedDataset,Magic number,__getitem__,58,/Volumes/BrokeExt/NICHE/richzhang_colorization-pytorch/data/aligned_dataset.py,Magic number 0.299 used in __getitem__.
richzhang_colorization-pytorch.data,aligned_dataset,AlignedDataset,Magic number,__getitem__,58,/Volumes/BrokeExt/NICHE/richzhang_colorization-pytorch/data/aligned_dataset.py,Magic number 0.587 used in __getitem__.
richzhang_colorization-pytorch.data,aligned_dataset,AlignedDataset,Magic number,__getitem__,54,/Volumes/BrokeExt/NICHE/richzhang_colorization-pytorch/data/aligned_dataset.py,Magic number 2 used in __getitem__.
richzhang_colorization-pytorch.data,aligned_dataset,AlignedDataset,Magic number,__getitem__,58,/Volumes/BrokeExt/NICHE/richzhang_colorization-pytorch/data/aligned_dataset.py,Magic number 2 used in __getitem__.
richzhang_colorization-pytorch.data,base_dataset,,Complex method,get_transform,24 - 51,/Volumes/BrokeExt/NICHE/richzhang_colorization-pytorch/data/base_dataset.py,"Method 'get_transform' has a cyclomatic complexity of 8, exceeding the max of 6."
richzhang_colorization-pytorch.data,base_dataset,,Long statement,__print_size_warning,99,/Volumes/BrokeExt/NICHE/richzhang_colorization-pytorch/data/base_dataset.py,A line with 217 chars in __print_size_warning exceeds the maximum length of 120 characters.
richzhang_colorization-pytorch.data,base_dataset,,Magic number,__adjust,62,/Volumes/BrokeExt/NICHE/richzhang_colorization-pytorch/data/base_dataset.py,Magic number 4 used in __adjust.
richzhang_colorization-pytorch.data,base_dataset,,Magic number,__scale_width,82,/Volumes/BrokeExt/NICHE/richzhang_colorization-pytorch/data/base_dataset.py,Magic number 4 used in __scale_width.
richzhang_colorization-pytorch.data,color_dataset,ColorDataset,Magic number,__getitem__,36,/Volumes/BrokeExt/NICHE/richzhang_colorization-pytorch/data/color_dataset.py,Magic number 0.114 used in __getitem__.
richzhang_colorization-pytorch.data,color_dataset,ColorDataset,Magic number,__getitem__,36,/Volumes/BrokeExt/NICHE/richzhang_colorization-pytorch/data/color_dataset.py,Magic number 0.299 used in __getitem__.
richzhang_colorization-pytorch.data,color_dataset,ColorDataset,Magic number,__getitem__,36,/Volumes/BrokeExt/NICHE/richzhang_colorization-pytorch/data/color_dataset.py,Magic number 0.587 used in __getitem__.
richzhang_colorization-pytorch.data,color_dataset,ColorDataset,Magic number,__getitem__,36,/Volumes/BrokeExt/NICHE/richzhang_colorization-pytorch/data/color_dataset.py,Magic number 2 used in __getitem__.
richzhang_colorization-pytorch.data,single_dataset,SingleDataset,Magic number,__getitem__,33,/Volumes/BrokeExt/NICHE/richzhang_colorization-pytorch/data/single_dataset.py,Magic number 0.114 used in __getitem__.
richzhang_colorization-pytorch.data,single_dataset,SingleDataset,Magic number,__getitem__,33,/Volumes/BrokeExt/NICHE/richzhang_colorization-pytorch/data/single_dataset.py,Magic number 0.299 used in __getitem__.
richzhang_colorization-pytorch.data,single_dataset,SingleDataset,Magic number,__getitem__,33,/Volumes/BrokeExt/NICHE/richzhang_colorization-pytorch/data/single_dataset.py,Magic number 0.587 used in __getitem__.
richzhang_colorization-pytorch.data,single_dataset,SingleDataset,Magic number,__getitem__,33,/Volumes/BrokeExt/NICHE/richzhang_colorization-pytorch/data/single_dataset.py,Magic number 2 used in __getitem__.
richzhang_colorization-pytorch.models,__init__,,Long statement,find_model_using_name,23,/Volumes/BrokeExt/NICHE/richzhang_colorization-pytorch/models/__init__.py,A line with 144 chars in find_model_using_name exceeds the maximum length of 120 characters.
richzhang_colorization-pytorch.models,base_model,BaseModel,Complex method,__patch_instance_norm_state_dict,105 - 116,/Volumes/BrokeExt/NICHE/richzhang_colorization-pytorch/models/base_model.py,"Method '__patch_instance_norm_state_dict' has a cyclomatic complexity of 8, exceeding the max of 6."
richzhang_colorization-pytorch.models,base_model,BaseModel,Long identifier,__patch_instance_norm_state_dict,105,/Volumes/BrokeExt/NICHE/richzhang_colorization-pytorch/models/base_model.py,Identifier'__patch_instance_norm_state_dict' exceeds the maximum length of 30 characters.
richzhang_colorization-pytorch.models,networks,,Complex method,init_weights,39 - 60,/Volumes/BrokeExt/NICHE/richzhang_colorization-pytorch/models/networks.py,"Method 'init_weights' has a cyclomatic complexity of 11, exceeding the max of 6."
richzhang_colorization-pytorch.models,networks,ResnetBlock,Complex method,build_conv_block,437 - 467,/Volumes/BrokeExt/NICHE/richzhang_colorization-pytorch/models/networks.py,"Method 'build_conv_block' has a cyclomatic complexity of 8, exceeding the max of 6."
richzhang_colorization-pytorch.models,networks,SIGGRAPHGenerator,Long method,__init__,172 - 345,/Volumes/BrokeExt/NICHE/richzhang_colorization-pytorch/models/networks.py,Method '__init__' is too long (94 lines).
richzhang_colorization-pytorch.models,networks,UnetSkipConnectionBlock,Long method,__init__,503 - 546,/Volumes/BrokeExt/NICHE/richzhang_colorization-pytorch/models/networks.py,Method '__init__' is too long (41 lines).
richzhang_colorization-pytorch.models,networks,,Long parameter list,define_G,72 - 88,/Volumes/BrokeExt/NICHE/richzhang_colorization-pytorch/models/networks.py,"define_G has 10 parameters, exceeding the max of 5."
richzhang_colorization-pytorch.models,networks,,Long parameter list,define_D,91 - 105,/Volumes/BrokeExt/NICHE/richzhang_colorization-pytorch/models/networks.py,"define_D has 8 parameters, exceeding the max of 5."
richzhang_colorization-pytorch.models,networks,ResnetGenerator,Long parameter list,__init__,384 - 425,/Volumes/BrokeExt/NICHE/richzhang_colorization-pytorch/models/networks.py,"__init__ has 7 parameters, exceeding the max of 5."
richzhang_colorization-pytorch.models,networks,UnetGenerator,Long parameter list,__init__,479 - 492,/Volumes/BrokeExt/NICHE/richzhang_colorization-pytorch/models/networks.py,"__init__ has 6 parameters, exceeding the max of 5."
richzhang_colorization-pytorch.models,networks,UnetSkipConnectionBlock,Long parameter list,__init__,503 - 546,/Volumes/BrokeExt/NICHE/richzhang_colorization-pytorch/models/networks.py,"__init__ has 8 parameters, exceeding the max of 5."
richzhang_colorization-pytorch.models,networks,ResnetGenerator,Long statement,__init__,395,/Volumes/BrokeExt/NICHE/richzhang_colorization-pytorch/models/networks.py,A line with 130 chars in __init__ exceeds the maximum length of 120 characters.
richzhang_colorization-pytorch.models,networks,ResnetGenerator,Long statement,__init__,404,/Volumes/BrokeExt/NICHE/richzhang_colorization-pytorch/models/networks.py,A line with 152 chars in __init__ exceeds the maximum length of 120 characters.
richzhang_colorization-pytorch.models,networks,ResnetGenerator,Long statement,__init__,411,/Volumes/BrokeExt/NICHE/richzhang_colorization-pytorch/models/networks.py,A line with 130 chars in __init__ exceeds the maximum length of 120 characters.
richzhang_colorization-pytorch.models,networks,ResnetGenerator,Long statement,__init__,415,/Volumes/BrokeExt/NICHE/richzhang_colorization-pytorch/models/networks.py,A line with 189 chars in __init__ exceeds the maximum length of 120 characters.
richzhang_colorization-pytorch.models,networks,UnetGenerator,Long statement,__init__,484,/Volumes/BrokeExt/NICHE/richzhang_colorization-pytorch/models/networks.py,A line with 128 chars in __init__ exceeds the maximum length of 120 characters.
richzhang_colorization-pytorch.models,networks,UnetGenerator,Long statement,__init__,486,/Volumes/BrokeExt/NICHE/richzhang_colorization-pytorch/models/networks.py,A line with 143 chars in __init__ exceeds the maximum length of 120 characters.
richzhang_colorization-pytorch.models,networks,UnetGenerator,Long statement,__init__,490,/Volumes/BrokeExt/NICHE/richzhang_colorization-pytorch/models/networks.py,A line with 132 chars in __init__ exceeds the maximum length of 120 characters.
richzhang_colorization-pytorch.models,networks,NLayerDiscriminator,Long statement,__init__,576,/Volumes/BrokeExt/NICHE/richzhang_colorization-pytorch/models/networks.py,A line with 171 chars in __init__ exceeds the maximum length of 120 characters.
richzhang_colorization-pytorch.models,networks,NLayerDiscriminator,Long statement,__init__,585,/Volumes/BrokeExt/NICHE/richzhang_colorization-pytorch/models/networks.py,A line with 171 chars in __init__ exceeds the maximum length of 120 characters.
richzhang_colorization-pytorch.models,networks,PixelDiscriminator,Long statement,__init__,611,/Volumes/BrokeExt/NICHE/richzhang_colorization-pytorch/models/networks.py,A line with 300 chars in __init__ exceeds the maximum length of 120 characters.
richzhang_colorization-pytorch.models,networks,,Magic number,init_weights,39,/Volumes/BrokeExt/NICHE/richzhang_colorization-pytorch/models/networks.py,Magic number 0.02 used in init_weights.
richzhang_colorization-pytorch.models,networks,,Magic number,define_D,92,/Volumes/BrokeExt/NICHE/richzhang_colorization-pytorch/models/networks.py,Magic number 3 used in define_D.
richzhang_colorization-pytorch.models,networks,HuberLoss,Magic number,__init__,114,/Volumes/BrokeExt/NICHE/richzhang_colorization-pytorch/models/networks.py,Magic number 0.01 used in __init__.
richzhang_colorization-pytorch.models,networks,HuberLoss,Magic number,__call__,121,/Volumes/BrokeExt/NICHE/richzhang_colorization-pytorch/models/networks.py,Magic number 0.5 used in __call__.
richzhang_colorization-pytorch.models,networks,HuberLoss,Magic number,__call__,121,/Volumes/BrokeExt/NICHE/richzhang_colorization-pytorch/models/networks.py,Magic number 2 used in __call__.
richzhang_colorization-pytorch.models,networks,HuberLoss,Magic number,__call__,125,/Volumes/BrokeExt/NICHE/richzhang_colorization-pytorch/models/networks.py,Magic number 0.5 used in __call__.
richzhang_colorization-pytorch.models,networks,ResnetGenerator,Magic number,__init__,384,/Volumes/BrokeExt/NICHE/richzhang_colorization-pytorch/models/networks.py,Magic number 64 used in __init__.
richzhang_colorization-pytorch.models,networks,ResnetGenerator,Magic number,__init__,384,/Volumes/BrokeExt/NICHE/richzhang_colorization-pytorch/models/networks.py,Magic number 6 used in __init__.
richzhang_colorization-pytorch.models,networks,ResnetGenerator,Magic number,__init__,401,/Volumes/BrokeExt/NICHE/richzhang_colorization-pytorch/models/networks.py,Magic number 2 used in __init__.
richzhang_colorization-pytorch.models,networks,ResnetGenerator,Magic number,__init__,409,/Volumes/BrokeExt/NICHE/richzhang_colorization-pytorch/models/networks.py,Magic number 2 used in __init__.
richzhang_colorization-pytorch.models,networks,ResnetGenerator,Magic number,__init__,403,/Volumes/BrokeExt/NICHE/richzhang_colorization-pytorch/models/networks.py,Magic number 2 used in __init__.
richzhang_colorization-pytorch.models,networks,ResnetGenerator,Magic number,__init__,414,/Volumes/BrokeExt/NICHE/richzhang_colorization-pytorch/models/networks.py,Magic number 2 used in __init__.
richzhang_colorization-pytorch.models,networks,UnetGenerator,Magic number,__init__,479,/Volumes/BrokeExt/NICHE/richzhang_colorization-pytorch/models/networks.py,Magic number 64 used in __init__.
richzhang_colorization-pytorch.models,networks,NLayerDiscriminator,Magic number,__init__,557,/Volumes/BrokeExt/NICHE/richzhang_colorization-pytorch/models/networks.py,Magic number 64 used in __init__.
richzhang_colorization-pytorch.models,networks,NLayerDiscriminator,Magic number,__init__,557,/Volumes/BrokeExt/NICHE/richzhang_colorization-pytorch/models/networks.py,Magic number 3 used in __init__.
richzhang_colorization-pytorch.models,networks,NLayerDiscriminator,Magic number,__init__,564,/Volumes/BrokeExt/NICHE/richzhang_colorization-pytorch/models/networks.py,Magic number 4 used in __init__.
richzhang_colorization-pytorch.models,networks,PixelDiscriminator,Magic number,__init__,604,/Volumes/BrokeExt/NICHE/richzhang_colorization-pytorch/models/networks.py,Magic number 64 used in __init__.
richzhang_colorization-pytorch.models,pix2pix_model,Pix2PixModel,Complex method,initialize,18 - 103,/Volumes/BrokeExt/NICHE/richzhang_colorization-pytorch/models/pix2pix_model.py,"Method 'initialize' has a cyclomatic complexity of 13, exceeding the max of 6."
richzhang_colorization-pytorch.models,pix2pix_model,Pix2PixModel,Long method,initialize,18 - 103,/Volumes/BrokeExt/NICHE/richzhang_colorization-pytorch/models/pix2pix_model.py,Method 'initialize' is too long (65 lines).
richzhang_colorization-pytorch.models,pix2pix_model,Pix2PixModel,Long statement,initialize,51,/Volumes/BrokeExt/NICHE/richzhang_colorization-pytorch/models/pix2pix_model.py,A line with 194 chars in initialize exceeds the maximum length of 120 characters.
richzhang_colorization-pytorch.models,pix2pix_model,Pix2PixModel,Long statement,initialize,58,/Volumes/BrokeExt/NICHE/richzhang_colorization-pytorch/models/pix2pix_model.py,A line with 160 chars in initialize exceeds the maximum length of 120 characters.
richzhang_colorization-pytorch.models,pix2pix_model,Pix2PixModel,Long statement,forward,128,/Volumes/BrokeExt/NICHE/richzhang_colorization-pytorch/models/pix2pix_model.py,A line with 143 chars in forward exceeds the maximum length of 120 characters.
richzhang_colorization-pytorch.models,pix2pix_model,Pix2PixModel,Long statement,compute_losses_G,156,/Volumes/BrokeExt/NICHE/richzhang_colorization-pytorch/models/pix2pix_model.py,A line with 140 chars in compute_losses_G exceeds the maximum length of 120 characters.
richzhang_colorization-pytorch.models,pix2pix_model,Pix2PixModel,Long statement,compute_losses_G,159,/Volumes/BrokeExt/NICHE/richzhang_colorization-pytorch/models/pix2pix_model.py,A line with 142 chars in compute_losses_G exceeds the maximum length of 120 characters.
richzhang_colorization-pytorch.models,pix2pix_model,Pix2PixModel,Long statement,compute_losses_G,162,/Volumes/BrokeExt/NICHE/richzhang_colorization-pytorch/models/pix2pix_model.py,A line with 148 chars in compute_losses_G exceeds the maximum length of 120 characters.
richzhang_colorization-pytorch.models,pix2pix_model,Pix2PixModel,Long statement,compute_losses_G,164,/Volumes/BrokeExt/NICHE/richzhang_colorization-pytorch/models/pix2pix_model.py,A line with 150 chars in compute_losses_G exceeds the maximum length of 120 characters.
richzhang_colorization-pytorch.models,pix2pix_model,Pix2PixModel,Long statement,compute_losses_G,166,/Volumes/BrokeExt/NICHE/richzhang_colorization-pytorch/models/pix2pix_model.py,A line with 144 chars in compute_losses_G exceeds the maximum length of 120 characters.
richzhang_colorization-pytorch.models,pix2pix_model,Pix2PixModel,Long statement,compute_losses_G,170,/Volumes/BrokeExt/NICHE/richzhang_colorization-pytorch/models/pix2pix_model.py,A line with 169 chars in compute_losses_G exceeds the maximum length of 120 characters.
richzhang_colorization-pytorch.models,pix2pix_model,Pix2PixModel,Long statement,compute_losses_G,171,/Volumes/BrokeExt/NICHE/richzhang_colorization-pytorch/models/pix2pix_model.py,A line with 169 chars in compute_losses_G exceeds the maximum length of 120 characters.
richzhang_colorization-pytorch.models,pix2pix_model,Pix2PixModel,Long statement,compute_losses_G,172,/Volumes/BrokeExt/NICHE/richzhang_colorization-pytorch/models/pix2pix_model.py,A line with 165 chars in compute_losses_G exceeds the maximum length of 120 characters.
richzhang_colorization-pytorch.models,pix2pix_model,Pix2PixModel,Long statement,get_current_visuals,213,/Volumes/BrokeExt/NICHE/richzhang_colorization-pytorch/models/pix2pix_model.py,A line with 165 chars in get_current_visuals exceeds the maximum length of 120 characters.
richzhang_colorization-pytorch.models,pix2pix_model,Pix2PixModel,Long statement,get_current_visuals,214,/Volumes/BrokeExt/NICHE/richzhang_colorization-pytorch/models/pix2pix_model.py,A line with 147 chars in get_current_visuals exceeds the maximum length of 120 characters.
richzhang_colorization-pytorch.models,pix2pix_model,Pix2PixModel,Long statement,get_current_visuals,216,/Volumes/BrokeExt/NICHE/richzhang_colorization-pytorch/models/pix2pix_model.py,A line with 159 chars in get_current_visuals exceeds the maximum length of 120 characters.
richzhang_colorization-pytorch.models,pix2pix_model,Pix2PixModel,Long statement,get_current_visuals,217,/Volumes/BrokeExt/NICHE/richzhang_colorization-pytorch/models/pix2pix_model.py,A line with 161 chars in get_current_visuals exceeds the maximum length of 120 characters.
richzhang_colorization-pytorch.models,pix2pix_model,Pix2PixModel,Long statement,get_current_visuals,218,/Volumes/BrokeExt/NICHE/richzhang_colorization-pytorch/models/pix2pix_model.py,A line with 155 chars in get_current_visuals exceeds the maximum length of 120 characters.
richzhang_colorization-pytorch.models,pix2pix_model,Pix2PixModel,Long statement,get_current_visuals,220,/Volumes/BrokeExt/NICHE/richzhang_colorization-pytorch/models/pix2pix_model.py,A line with 147 chars in get_current_visuals exceeds the maximum length of 120 characters.
richzhang_colorization-pytorch.models,pix2pix_model,Pix2PixModel,Long statement,get_current_visuals,222,/Volumes/BrokeExt/NICHE/richzhang_colorization-pytorch/models/pix2pix_model.py,A line with 168 chars in get_current_visuals exceeds the maximum length of 120 characters.
richzhang_colorization-pytorch.models,pix2pix_model,Pix2PixModel,Long statement,get_current_visuals,224,/Volumes/BrokeExt/NICHE/richzhang_colorization-pytorch/models/pix2pix_model.py,A line with 180 chars in get_current_visuals exceeds the maximum length of 120 characters.
richzhang_colorization-pytorch.models,pix2pix_model,Pix2PixModel,Long statement,get_current_visuals,225,/Volumes/BrokeExt/NICHE/richzhang_colorization-pytorch/models/pix2pix_model.py,A line with 182 chars in get_current_visuals exceeds the maximum length of 120 characters.
richzhang_colorization-pytorch.models,pix2pix_model,Pix2PixModel,Long statement,get_current_visuals,226,/Volumes/BrokeExt/NICHE/richzhang_colorization-pytorch/models/pix2pix_model.py,A line with 176 chars in get_current_visuals exceeds the maximum length of 120 characters.
richzhang_colorization-pytorch.models,pix2pix_model,Pix2PixModel,Long statement,get_current_visuals,229,/Volumes/BrokeExt/NICHE/richzhang_colorization-pytorch/models/pix2pix_model.py,A line with 191 chars in get_current_visuals exceeds the maximum length of 120 characters.
richzhang_colorization-pytorch.models,pix2pix_model,Pix2PixModel,Long statement,get_current_visuals,233,/Volumes/BrokeExt/NICHE/richzhang_colorization-pytorch/models/pix2pix_model.py,A line with 122 chars in get_current_visuals exceeds the maximum length of 120 characters.
richzhang_colorization-pytorch.models,pix2pix_model,Pix2PixModel,Magic number,backward_D,146,/Volumes/BrokeExt/NICHE/richzhang_colorization-pytorch/models/pix2pix_model.py,Magic number 0.5 used in backward_D.
richzhang_colorization-pytorch.models,pix2pix_model,Pix2PixModel,Magic number,compute_losses_G,151,/Volumes/BrokeExt/NICHE/richzhang_colorization-pytorch/models/pix2pix_model.py,Magic number 1e-06 used in compute_losses_G.
richzhang_colorization-pytorch.models,pix2pix_model,Pix2PixModel,Magic number,compute_losses_G,162,/Volumes/BrokeExt/NICHE/richzhang_colorization-pytorch/models/pix2pix_model.py,Magic number 10 used in compute_losses_G.
richzhang_colorization-pytorch.models,pix2pix_model,Pix2PixModel,Magic number,compute_losses_G,164,/Volumes/BrokeExt/NICHE/richzhang_colorization-pytorch/models/pix2pix_model.py,Magic number 10 used in compute_losses_G.
richzhang_colorization-pytorch.models,pix2pix_model,Pix2PixModel,Magic number,compute_losses_G,166,/Volumes/BrokeExt/NICHE/richzhang_colorization-pytorch/models/pix2pix_model.py,Magic number 10 used in compute_losses_G.
richzhang_colorization-pytorch.models,pix2pix_model,Pix2PixModel,Magic number,compute_losses_G,170,/Volumes/BrokeExt/NICHE/richzhang_colorization-pytorch/models/pix2pix_model.py,Magic number 10 used in compute_losses_G.
richzhang_colorization-pytorch.models,pix2pix_model,Pix2PixModel,Magic number,compute_losses_G,171,/Volumes/BrokeExt/NICHE/richzhang_colorization-pytorch/models/pix2pix_model.py,Magic number 10 used in compute_losses_G.
richzhang_colorization-pytorch.models,pix2pix_model,Pix2PixModel,Magic number,compute_losses_G,172,/Volumes/BrokeExt/NICHE/richzhang_colorization-pytorch/models/pix2pix_model.py,Magic number 10 used in compute_losses_G.
richzhang_colorization-pytorch.options,base_options,BaseOptions,Long method,initialize,13 - 66,/Volumes/BrokeExt/NICHE/richzhang_colorization-pytorch/options/base_options.py,Method 'initialize' is too long (51 lines).
richzhang_colorization-pytorch.options,base_options,BaseOptions,Long statement,initialize,25,/Volumes/BrokeExt/NICHE/richzhang_colorization-pytorch/options/base_options.py,A line with 143 chars in initialize exceeds the maximum length of 120 characters.
richzhang_colorization-pytorch.options,base_options,BaseOptions,Long statement,initialize,26,/Volumes/BrokeExt/NICHE/richzhang_colorization-pytorch/options/base_options.py,A line with 138 chars in initialize exceeds the maximum length of 120 characters.
richzhang_colorization-pytorch.options,base_options,BaseOptions,Long statement,initialize,33,/Volumes/BrokeExt/NICHE/richzhang_colorization-pytorch/options/base_options.py,A line with 146 chars in initialize exceeds the maximum length of 120 characters.
richzhang_colorization-pytorch.options,base_options,BaseOptions,Long statement,initialize,39,/Volumes/BrokeExt/NICHE/richzhang_colorization-pytorch/options/base_options.py,A line with 215 chars in initialize exceeds the maximum length of 120 characters.
richzhang_colorization-pytorch.options,base_options,BaseOptions,Long statement,initialize,41,/Volumes/BrokeExt/NICHE/richzhang_colorization-pytorch/options/base_options.py,A line with 184 chars in initialize exceeds the maximum length of 120 characters.
richzhang_colorization-pytorch.options,base_options,BaseOptions,Long statement,initialize,43,/Volumes/BrokeExt/NICHE/richzhang_colorization-pytorch/options/base_options.py,A line with 128 chars in initialize exceeds the maximum length of 120 characters.
richzhang_colorization-pytorch.options,base_options,BaseOptions,Long statement,initialize,45,/Volumes/BrokeExt/NICHE/richzhang_colorization-pytorch/options/base_options.py,A line with 158 chars in initialize exceeds the maximum length of 120 characters.
richzhang_colorization-pytorch.options,base_options,BaseOptions,Long statement,initialize,56,/Volumes/BrokeExt/NICHE/richzhang_colorization-pytorch/options/base_options.py,A line with 130 chars in initialize exceeds the maximum length of 120 characters.
richzhang_colorization-pytorch.options,base_options,BaseOptions,Long statement,initialize,58,/Volumes/BrokeExt/NICHE/richzhang_colorization-pytorch/options/base_options.py,A line with 134 chars in initialize exceeds the maximum length of 120 characters.
richzhang_colorization-pytorch.options,base_options,BaseOptions,Magic number,parse,134,/Volumes/BrokeExt/NICHE/richzhang_colorization-pytorch/options/base_options.py,Magic number 2 used in parse.
richzhang_colorization-pytorch.options,train_options,TrainOptions,Long statement,initialize,8,/Volumes/BrokeExt/NICHE/richzhang_colorization-pytorch/options/train_options.py,A line with 167 chars in initialize exceeds the maximum length of 120 characters.
richzhang_colorization-pytorch.options,train_options,TrainOptions,Long statement,initialize,12,/Volumes/BrokeExt/NICHE/richzhang_colorization-pytorch/options/train_options.py,A line with 122 chars in initialize exceeds the maximum length of 120 characters.
richzhang_colorization-pytorch.options,train_options,TrainOptions,Long statement,initialize,13,/Volumes/BrokeExt/NICHE/richzhang_colorization-pytorch/options/train_options.py,A line with 165 chars in initialize exceeds the maximum length of 120 characters.
richzhang_colorization-pytorch.options,train_options,TrainOptions,Long statement,initialize,22,/Volumes/BrokeExt/NICHE/richzhang_colorization-pytorch/options/train_options.py,A line with 349 chars in initialize exceeds the maximum length of 120 characters.
richzhang_colorization-pytorch.options,train_options,TrainOptions,Long statement,initialize,25,/Volumes/BrokeExt/NICHE/richzhang_colorization-pytorch/options/train_options.py,A line with 129 chars in initialize exceeds the maximum length of 120 characters.
richzhang_colorization-pytorch.options,train_options,TrainOptions,Long statement,initialize,26,/Volumes/BrokeExt/NICHE/richzhang_colorization-pytorch/options/train_options.py,A line with 144 chars in initialize exceeds the maximum length of 120 characters.
richzhang_colorization-pytorch.options,train_options,TrainOptions,Long statement,initialize,28,/Volumes/BrokeExt/NICHE/richzhang_colorization-pytorch/options/train_options.py,A line with 121 chars in initialize exceeds the maximum length of 120 characters.
richzhang_colorization-pytorch.options,train_options,TrainOptions,Long statement,initialize,29,/Volumes/BrokeExt/NICHE/richzhang_colorization-pytorch/options/train_options.py,A line with 123 chars in initialize exceeds the maximum length of 120 characters.
richzhang_colorization-pytorch.util,get_data,GetData,Long statement,get,82,/Volumes/BrokeExt/NICHE/richzhang_colorization-pytorch/util/get_data.py,A line with 494 chars in get exceeds the maximum length of 120 characters.
richzhang_colorization-pytorch.util,html,HTML,Magic number,add_images,33,/Volumes/BrokeExt/NICHE/richzhang_colorization-pytorch/util/html.py,Magic number 400 used in add_images.
richzhang_colorization-pytorch.util,image_pool,ImagePool,Magic number,query,24,/Volumes/BrokeExt/NICHE/richzhang_colorization-pytorch/util/image_pool.py,Magic number 0.5 used in query.
richzhang_colorization-pytorch.util,util,,Complex method,add_color_patches_rand_gt,210 - 259,/Volumes/BrokeExt/NICHE/richzhang_colorization-pytorch/util/util.py,"Method 'add_color_patches_rand_gt' has a cyclomatic complexity of 7, exceeding the max of 6."
richzhang_colorization-pytorch.util,util,,Long parameter list,add_color_patches_rand_gt,210 - 259,/Volumes/BrokeExt/NICHE/richzhang_colorization-pytorch/util/util.py,"add_color_patches_rand_gt has 6 parameters, exceeding the max of 5."
richzhang_colorization-pytorch.util,util,,Long parameter list,add_color_patch,261 - 267,/Volumes/BrokeExt/NICHE/richzhang_colorization-pytorch/util/util.py,"add_color_patch has 6 parameters, exceeding the max of 5."
richzhang_colorization-pytorch.util,util,,Long statement,print_numpy,47,/Volumes/BrokeExt/NICHE/richzhang_colorization-pytorch/util/util.py,A line with 138 chars in print_numpy exceeds the maximum length of 120 characters.
richzhang_colorization-pytorch.util,util,,Long statement,get_colorization_data,201,/Volumes/BrokeExt/NICHE/richzhang_colorization-pytorch/util/util.py,A line with 155 chars in get_colorization_data exceeds the maximum length of 120 characters.
richzhang_colorization-pytorch.util,util,,Long statement,add_color_patches_rand_gt,248,/Volumes/BrokeExt/NICHE/richzhang_colorization-pytorch/util/util.py,A line with 171 chars in add_color_patches_rand_gt exceeds the maximum length of 120 characters.
richzhang_colorization-pytorch.util,util,,Magic number,tensor2im,19,/Volumes/BrokeExt/NICHE/richzhang_colorization-pytorch/util/util.py,Magic number 255.0 used in tensor2im.
richzhang_colorization-pytorch.util,util,,Magic number,rgb2xyz,87,/Volumes/BrokeExt/NICHE/richzhang_colorization-pytorch/util/util.py,Magic number 0.180423 used in rgb2xyz.
richzhang_colorization-pytorch.util,util,,Magic number,rgb2xyz,88,/Volumes/BrokeExt/NICHE/richzhang_colorization-pytorch/util/util.py,Magic number 0.072169 used in rgb2xyz.
richzhang_colorization-pytorch.util,util,,Magic number,rgb2xyz,89,/Volumes/BrokeExt/NICHE/richzhang_colorization-pytorch/util/util.py,Magic number 0.950227 used in rgb2xyz.
richzhang_colorization-pytorch.util,util,,Magic number,rgb2xyz,85,/Volumes/BrokeExt/NICHE/richzhang_colorization-pytorch/util/util.py,Magic number 2.4 used in rgb2xyz.
richzhang_colorization-pytorch.util,util,,Magic number,rgb2xyz,85,/Volumes/BrokeExt/NICHE/richzhang_colorization-pytorch/util/util.py,Magic number 12.92 used in rgb2xyz.
richzhang_colorization-pytorch.util,util,,Magic number,rgb2xyz,87,/Volumes/BrokeExt/NICHE/richzhang_colorization-pytorch/util/util.py,Magic number 0.412453 used in rgb2xyz.
richzhang_colorization-pytorch.util,util,,Magic number,rgb2xyz,87,/Volumes/BrokeExt/NICHE/richzhang_colorization-pytorch/util/util.py,Magic number 0.35758 used in rgb2xyz.
richzhang_colorization-pytorch.util,util,,Magic number,rgb2xyz,88,/Volumes/BrokeExt/NICHE/richzhang_colorization-pytorch/util/util.py,Magic number 0.212671 used in rgb2xyz.
richzhang_colorization-pytorch.util,util,,Magic number,rgb2xyz,88,/Volumes/BrokeExt/NICHE/richzhang_colorization-pytorch/util/util.py,Magic number 0.71516 used in rgb2xyz.
richzhang_colorization-pytorch.util,util,,Magic number,rgb2xyz,89,/Volumes/BrokeExt/NICHE/richzhang_colorization-pytorch/util/util.py,Magic number 0.019334 used in rgb2xyz.
richzhang_colorization-pytorch.util,util,,Magic number,rgb2xyz,89,/Volumes/BrokeExt/NICHE/richzhang_colorization-pytorch/util/util.py,Magic number 0.119193 used in rgb2xyz.
richzhang_colorization-pytorch.util,util,,Magic number,rgb2xyz,85,/Volumes/BrokeExt/NICHE/richzhang_colorization-pytorch/util/util.py,Magic number 1.055 used in rgb2xyz.
richzhang_colorization-pytorch.util,util,,Magic number,rgb2xyz,87,/Volumes/BrokeExt/NICHE/richzhang_colorization-pytorch/util/util.py,Magic number 2 used in rgb2xyz.
richzhang_colorization-pytorch.util,util,,Magic number,rgb2xyz,88,/Volumes/BrokeExt/NICHE/richzhang_colorization-pytorch/util/util.py,Magic number 2 used in rgb2xyz.
richzhang_colorization-pytorch.util,util,,Magic number,rgb2xyz,89,/Volumes/BrokeExt/NICHE/richzhang_colorization-pytorch/util/util.py,Magic number 2 used in rgb2xyz.
richzhang_colorization-pytorch.util,util,,Magic number,rgb2xyz,85,/Volumes/BrokeExt/NICHE/richzhang_colorization-pytorch/util/util.py,Magic number 0.055 used in rgb2xyz.
richzhang_colorization-pytorch.util,util,,Magic number,xyz2rgb,102,/Volumes/BrokeExt/NICHE/richzhang_colorization-pytorch/util/util.py,Magic number 0.49853633 used in xyz2rgb.
richzhang_colorization-pytorch.util,util,,Magic number,xyz2rgb,103,/Volumes/BrokeExt/NICHE/richzhang_colorization-pytorch/util/util.py,Magic number 0.04155593 used in xyz2rgb.
richzhang_colorization-pytorch.util,util,,Magic number,xyz2rgb,104,/Volumes/BrokeExt/NICHE/richzhang_colorization-pytorch/util/util.py,Magic number 1.05731107 used in xyz2rgb.
richzhang_colorization-pytorch.util,util,,Magic number,xyz2rgb,102,/Volumes/BrokeExt/NICHE/richzhang_colorization-pytorch/util/util.py,Magic number 3.24048134 used in xyz2rgb.
richzhang_colorization-pytorch.util,util,,Magic number,xyz2rgb,102,/Volumes/BrokeExt/NICHE/richzhang_colorization-pytorch/util/util.py,Magic number 1.53715152 used in xyz2rgb.
richzhang_colorization-pytorch.util,util,,Magic number,xyz2rgb,103,/Volumes/BrokeExt/NICHE/richzhang_colorization-pytorch/util/util.py,Magic number 1.87599 used in xyz2rgb.
richzhang_colorization-pytorch.util,util,,Magic number,xyz2rgb,104,/Volumes/BrokeExt/NICHE/richzhang_colorization-pytorch/util/util.py,Magic number 0.05564664 used in xyz2rgb.
richzhang_colorization-pytorch.util,util,,Magic number,xyz2rgb,104,/Volumes/BrokeExt/NICHE/richzhang_colorization-pytorch/util/util.py,Magic number 0.20404134 used in xyz2rgb.
richzhang_colorization-pytorch.util,util,,Magic number,xyz2rgb,113,/Volumes/BrokeExt/NICHE/richzhang_colorization-pytorch/util/util.py,Magic number 0.055 used in xyz2rgb.
richzhang_colorization-pytorch.util,util,,Magic number,xyz2rgb,113,/Volumes/BrokeExt/NICHE/richzhang_colorization-pytorch/util/util.py,Magic number 12.92 used in xyz2rgb.
richzhang_colorization-pytorch.util,util,,Magic number,xyz2rgb,102,/Volumes/BrokeExt/NICHE/richzhang_colorization-pytorch/util/util.py,Magic number 2 used in xyz2rgb.
richzhang_colorization-pytorch.util,util,,Magic number,xyz2rgb,103,/Volumes/BrokeExt/NICHE/richzhang_colorization-pytorch/util/util.py,Magic number 0.96925495 used in xyz2rgb.
richzhang_colorization-pytorch.util,util,,Magic number,xyz2rgb,103,/Volumes/BrokeExt/NICHE/richzhang_colorization-pytorch/util/util.py,Magic number 2 used in xyz2rgb.
richzhang_colorization-pytorch.util,util,,Magic number,xyz2rgb,104,/Volumes/BrokeExt/NICHE/richzhang_colorization-pytorch/util/util.py,Magic number 2 used in xyz2rgb.
richzhang_colorization-pytorch.util,util,,Magic number,xyz2rgb,113,/Volumes/BrokeExt/NICHE/richzhang_colorization-pytorch/util/util.py,Magic number 1.055 used in xyz2rgb.
richzhang_colorization-pytorch.util,util,,Magic number,xyz2rgb,113,/Volumes/BrokeExt/NICHE/richzhang_colorization-pytorch/util/util.py,Magic number 2.4 used in xyz2rgb.
richzhang_colorization-pytorch.util,util,,Magic number,xyz2lab,134,/Volumes/BrokeExt/NICHE/richzhang_colorization-pytorch/util/util.py,Magic number 16.0 used in xyz2lab.
richzhang_colorization-pytorch.util,util,,Magic number,xyz2lab,135,/Volumes/BrokeExt/NICHE/richzhang_colorization-pytorch/util/util.py,Magic number 500.0 used in xyz2lab.
richzhang_colorization-pytorch.util,util,,Magic number,xyz2lab,136,/Volumes/BrokeExt/NICHE/richzhang_colorization-pytorch/util/util.py,Magic number 200.0 used in xyz2lab.
richzhang_colorization-pytorch.util,util,,Magic number,xyz2lab,134,/Volumes/BrokeExt/NICHE/richzhang_colorization-pytorch/util/util.py,Magic number 116.0 used in xyz2lab.
richzhang_colorization-pytorch.util,util,,Magic number,xyz2lab,132,/Volumes/BrokeExt/NICHE/richzhang_colorization-pytorch/util/util.py,Magic number 3.0 used in xyz2lab.
richzhang_colorization-pytorch.util,util,,Magic number,xyz2lab,132,/Volumes/BrokeExt/NICHE/richzhang_colorization-pytorch/util/util.py,Magic number 7.787 used in xyz2lab.
richzhang_colorization-pytorch.util,util,,Magic number,xyz2lab,132,/Volumes/BrokeExt/NICHE/richzhang_colorization-pytorch/util/util.py,Magic number 16.0 used in xyz2lab.
richzhang_colorization-pytorch.util,util,,Magic number,xyz2lab,132,/Volumes/BrokeExt/NICHE/richzhang_colorization-pytorch/util/util.py,Magic number 116.0 used in xyz2lab.
richzhang_colorization-pytorch.util,util,,Magic number,xyz2lab,136,/Volumes/BrokeExt/NICHE/richzhang_colorization-pytorch/util/util.py,Magic number 2 used in xyz2lab.
richzhang_colorization-pytorch.util,util,,Magic number,lab2xyz,146,/Volumes/BrokeExt/NICHE/richzhang_colorization-pytorch/util/util.py,Magic number 116.0 used in lab2xyz.
richzhang_colorization-pytorch.util,util,,Magic number,lab2xyz,146,/Volumes/BrokeExt/NICHE/richzhang_colorization-pytorch/util/util.py,Magic number 16.0 used in lab2xyz.
richzhang_colorization-pytorch.util,util,,Magic number,lab2xyz,147,/Volumes/BrokeExt/NICHE/richzhang_colorization-pytorch/util/util.py,Magic number 500.0 used in lab2xyz.
richzhang_colorization-pytorch.util,util,,Magic number,lab2xyz,148,/Volumes/BrokeExt/NICHE/richzhang_colorization-pytorch/util/util.py,Magic number 200.0 used in lab2xyz.
richzhang_colorization-pytorch.util,util,,Magic number,lab2xyz,159,/Volumes/BrokeExt/NICHE/richzhang_colorization-pytorch/util/util.py,Magic number 3.0 used in lab2xyz.
richzhang_colorization-pytorch.util,util,,Magic number,lab2xyz,159,/Volumes/BrokeExt/NICHE/richzhang_colorization-pytorch/util/util.py,Magic number 7.787 used in lab2xyz.
richzhang_colorization-pytorch.util,util,,Magic number,lab2xyz,148,/Volumes/BrokeExt/NICHE/richzhang_colorization-pytorch/util/util.py,Magic number 2 used in lab2xyz.
richzhang_colorization-pytorch.util,util,,Magic number,lab2xyz,159,/Volumes/BrokeExt/NICHE/richzhang_colorization-pytorch/util/util.py,Magic number 16.0 used in lab2xyz.
richzhang_colorization-pytorch.util,util,,Magic number,lab2xyz,159,/Volumes/BrokeExt/NICHE/richzhang_colorization-pytorch/util/util.py,Magic number 116.0 used in lab2xyz.
richzhang_colorization-pytorch.util,util,,Magic number,get_colorization_data,192,/Volumes/BrokeExt/NICHE/richzhang_colorization-pytorch/util/util.py,Magic number 5.0 used in get_colorization_data.
richzhang_colorization-pytorch.util,util,,Magic number,get_colorization_data,192,/Volumes/BrokeExt/NICHE/richzhang_colorization-pytorch/util/util.py,Magic number 0.125 used in get_colorization_data.
richzhang_colorization-pytorch.util,util,,Magic number,add_color_patches_rand_gt,210,/Volumes/BrokeExt/NICHE/richzhang_colorization-pytorch/util/util.py,Magic number 0.125 used in add_color_patches_rand_gt.
richzhang_colorization-pytorch.util,util,,Magic number,add_color_patch,261,/Volumes/BrokeExt/NICHE/richzhang_colorization-pytorch/util/util.py,Magic number 128 used in add_color_patch.
richzhang_colorization-pytorch.util,util,,Magic number,add_color_patch,261,/Volumes/BrokeExt/NICHE/richzhang_colorization-pytorch/util/util.py,Magic number 128 used in add_color_patch.
richzhang_colorization-pytorch.util,util,,Magic number,crop_mult,269,/Volumes/BrokeExt/NICHE/richzhang_colorization-pytorch/util/util.py,Magic number 16 used in crop_mult.
richzhang_colorization-pytorch.util,util,,Magic number,crop_mult,269,/Volumes/BrokeExt/NICHE/richzhang_colorization-pytorch/util/util.py,Magic number 800 used in crop_mult.
richzhang_colorization-pytorch.util,util,,Magic number,crop_mult,269,/Volumes/BrokeExt/NICHE/richzhang_colorization-pytorch/util/util.py,Magic number 1200 used in crop_mult.
richzhang_colorization-pytorch.util,util,,Magic number,crop_mult,274,/Volumes/BrokeExt/NICHE/richzhang_colorization-pytorch/util/util.py,Magic number 2 used in crop_mult.
richzhang_colorization-pytorch.util,util,,Magic number,crop_mult,275,/Volumes/BrokeExt/NICHE/richzhang_colorization-pytorch/util/util.py,Magic number 2 used in crop_mult.
richzhang_colorization-pytorch.util,util,,Magic number,crop_mult,271,/Volumes/BrokeExt/NICHE/richzhang_colorization-pytorch/util/util.py,Magic number 2 used in crop_mult.
richzhang_colorization-pytorch.util,util,,Magic number,calculate_psnr_np,345,/Volumes/BrokeExt/NICHE/richzhang_colorization-pytorch/util/util.py,Magic number 2 used in calculate_psnr_np.
richzhang_colorization-pytorch.util,util,,Magic number,calculate_psnr_np,347,/Volumes/BrokeExt/NICHE/richzhang_colorization-pytorch/util/util.py,Magic number 20 used in calculate_psnr_np.
richzhang_colorization-pytorch.util,util,,Magic number,calculate_psnr_torch,350,/Volumes/BrokeExt/NICHE/richzhang_colorization-pytorch/util/util.py,Magic number 2 used in calculate_psnr_torch.
richzhang_colorization-pytorch.util,util,,Magic number,calculate_psnr_torch,352,/Volumes/BrokeExt/NICHE/richzhang_colorization-pytorch/util/util.py,Magic number 20 used in calculate_psnr_torch.
richzhang_colorization-pytorch.util,visualizer,Visualizer,Complex method,display_current_results,63 - 126,/Volumes/BrokeExt/NICHE/richzhang_colorization-pytorch/util/visualizer.py,"Method 'display_current_results' has a cyclomatic complexity of 14, exceeding the max of 6."
richzhang_colorization-pytorch.util,visualizer,Visualizer,Long method,display_current_results,63 - 126,/Volumes/BrokeExt/NICHE/richzhang_colorization-pytorch/util/visualizer.py,Method 'display_current_results' is too long (63 lines).
richzhang_colorization-pytorch.util,visualizer,Visualizer,Long statement,display_current_results,69,/Volumes/BrokeExt/NICHE/richzhang_colorization-pytorch/util/visualizer.py,A line with 286 chars in display_current_results exceeds the maximum length of 120 characters.
richzhang_colorization-pytorch.util,visualizer,Visualizer,Long statement,plot_current_losses,134,/Volumes/BrokeExt/NICHE/richzhang_colorization-pytorch/util/visualizer.py,A line with 271 chars in plot_current_losses exceeds the maximum length of 120 characters.
richzhang_colorization-pytorch.util,visualizer,,Magic number,save_images,11,/Volumes/BrokeExt/NICHE/richzhang_colorization-pytorch/util/visualizer.py,Magic number 256 used in save_images.
richzhang_colorization-pytorch.util,visualizer,Visualizer,Magic number,display_current_results,86,/Volumes/BrokeExt/NICHE/richzhang_colorization-pytorch/util/visualizer.py,Magic number 255 used in display_current_results.
richzhang_colorization-pytorch.util,visualizer,Visualizer,Magic number,display_current_results,68,/Volumes/BrokeExt/NICHE/richzhang_colorization-pytorch/util/visualizer.py,Magic number 2 used in display_current_results.
